0 3 
0 112 123 
0 46 
0 46 
0 36 
0 112 
0 36 
0 60 
0 36 
0 102 
0 102 
0 123 
0 117 
0 46 
0 46 
0 36 
0 26 117 
0 26 57 60 117 127 
0 112 
0 3 
0 60 
0 60 
0 46 
0 36 46 
0 60 
0 36 60 
0 46 
0 66 
0 112 
0 112 123 
0 26 
0 26 36 46 60 92 
0 58 
0 112 
0 26 36 46 117 127 
0 115 
0 46 
0 93 
0 93 
0 93 
0 26 36 46 60 92 
0 93 
0 26 36 
0 58 
0 26 36 46 69 92 
0 58 
0 46 
0 66 
0 58 
0 20 
0 46 
0 46 
0 46 
0 141 
0 141 
0 3 
0 20 
0 60 
0 26 36 46 
0 46 
0 26 
0 26 36 46 
0 17 39 52 103 111 119 
0 36 46 
0 92 
0 74 
0 52 
0 58 
0 26 36 57 127 
0 46 
0 119 
0 46 
0 36 46 
0 36 
0 58 
0 36 
0 36 46 
0 36 
0 36 46 
0 7 
0 36 
0 107 
0 36 
0 36 46 
0 26 
0 26 
0 136 
0 36 46 
0 46 
0 46 
0 26 36 46 
0 130 
0 46 
0 36 
0 58 
0 3 
0 115 
0 57 
0 115 
0 26 36 46 
0 58 
0 130 
0 102 
0 58 
0 126 
0 36 
0 58 
0 26 36 46 
0 26 36 46 
0 60 
0 60 
0 36 
0 26 36 46 57 60 92 102 107 117 127 
0 36 
0 26 36 46 57 60 92 102 107 117 127 
0 58 
0 58 
0 46 
0 46 
0 46 
0 46 
0 57 
0 119 
0 57 
0 119 
0 58 
0 26 36 46 57 60 92 127 
0 58 
0 26 36 46 57 60 92 127 
0 46 
0 60 92 115 
0 47 
0 46 
0 60 92 115 
0 47 
0 58 
0 58 
1 35 
1 58 67 110 
1 67 
1 90 
1 141 
1 141 
1 58 
1 51 
1 51 
1 110 
1 141 
1 141 
1 90 
1 58 
1 141 
1 141 
1 67 
1 67 
1 58 
1 141 
1 134 
1 141 
1 141 
1 56 141 
1 58 
1 58 
0 1 
1 58 
1 53 67 70 
1 80 112 123 
1 123 
1 141 
1 141 
1 110 
1 56 
1 56 
1 134 
1 110 
1 58 110 
1 67 
1 67 
1 67 
1 106 
1 
1 75 90 
1 110 
1 141 
1 35 
1 90 
1 88 
1 74 112 
1 88 
1 35 
1 110 
1 58 
1 141 
1 67 
1 141 
1 67 
1 
1 141 
1 75 
1 67 
1 75 
1 58 
1 
1 
1 58 
1 58 
1 67 
1 141 
1 106 
1 56 58 134 
1 58 
1 58 
1 58 
1 134 
1 141 
0 1 
1 58 
1 58 
1 58 
1 90 
1 58 
1 67 
1 67 
1 58 
1 58 
1 110 
1 134 
1 35 
1 90 
1 110 
1 67 
1 110 
1 141 
1 90 
1 
1 51 
1 110 
1 53 134 
1 67 
1 90 
1 134 
1 141 
1 141 
1 134 
1 75 
1 75 
1 75 
1 67 
1 67 
1 70 123 
1 90 
1 90 
1 75 90 
1 75 
1 67 
1 67 
1 75 
1 75 
1 141 
1 141 
1 141 
1 58 
1 58 
1 58 
1 67 
1 58 
1 58 
1 58 
1 67 90 
1 141 
1 58 
1 58 
1 134 
1 134 
1 
1 67 
1 67 
1 
1 58 
1 53 
1 58 
1 67 
1 67 
1 90 
1 9 
1 75 90 
1 
1 58 
1 131 
1 131 
1 67 
1 90 
1 35 
1 131 
1 90 
1 35 67 
1 67 
1 131 
1 131 
1 90 
1 35 67 
1 35 67 
1 35 67 
1 35 67 
1 58 
1 58 
1 131 
1 131 
1 
1 
1 67 
1 67 
1 35 67 
1 35 67 
1 110 
1 110 
1 131 
1 35 67 
1 131 
1 131 
1 35 67 
1 131 
1 58 
1 58 
1 131 
1 131 
1 131 
1 131 
1 131 
1 131 
1 131 
1 131 
1 131 
1 131 
1 131 
1 131 
1 131 
1 131 
1 131 
1 131 
1 131 
1 131 
1 131 
1 131 
1 90 
1 67 
1 67 
1 90 
1 67 
1 67 
1 67 70 
1 67 70 
1 
1 
1 67 
1 35 67 
1 90 
1 67 
1 67 
1 75 90 
1 67 90 
1 134 
1 134 
1 58 
1 80 106 
1 141 
1 58 
1 75 
1 67 90 
1 90 
1 67 
1 141 
1 67 
1 90 
1 35 67 70 90 141 
1 35 67 70 90 141 
1 90 
1 58 
1 58 
1 58 
1 58 
1 58 
1 90 
1 58 
1 67 
1 35 67 70 90 141 
1 35 
1 35 67 
1 58 
1 58 
1 58 
1 75 
1 94 
1 75 
1 58 
1 35 70 90 141 
1 58 
1 58 
1 58 
1 58 
1 35 67 70 90 141 
1 67 
1 58 
1 94 
1 35 67 70 90 141 
1 141 
1 90 
1 58 
1 67 
1 58 
1 58 
1 58 
1 58 
1 58 
1 90 
1 35 67 70 90 141 
1 58 
1 67 
1 58 
1 36 80 
1 58 
1 58 
1 122 
1 90 
1 122 
1 90 
1 90 
1 90 
1 90 
1 56 
1 67 
1 67 
1 58 
1 90 
1 56 
1 58 
1 75 
1 80 
1 90 
1 35 90 
1 90 
1 90 
1 90 
1 67 
2 33 
2 97 
2 97 
2 97 
2 97 
2 97 
2 97 
2 
3 39 
3 79 
3 79 
3 79 
3 17 
3 17 
3 36 
3 36 
4 42 50 82 109 
5 60 65 
5 65 
5 60 65 
5 60 
5 60 
5 60 
5 60 65 
5 60 65 
5 60 
5 65 
5 60 65 
5 60 
5 60 
5 60 65 
5 107 
5 65 
5 60 
5 65 
5 60 
5 69 
5 60 
5 65 
5 60 
5 60 
5 60 
5 60 
5 60 
5 60 
5 65 
5 60 
5 60 
5 60 
5 60 
5 69 106 
5 60 
5 65 
5 60 
5 60 
5 60 
5 60 
5 60 
5 60 
5 60 
5 60 
5 60 65 
5 60 65 
5 60 65 
5 60 65 
5 60 65 
5 60 65 
5 60 65 
5 60 65 
5 60 65 
5 60 65 
5 60 65 
5 60 65 
5 60 
5 65 
5 65 
5 60 
5 60 65 
5 60 
5 60 
5 65 
5 60 
5 60 
5 60 
5 60 
5 60 
5 60 65 
5 60 65 
5 60 65 
5 60 
5 60 65 
5 60 
5 60 65 
5 60 65 
5 65 
5 60 65 
5 65 
5 65 
5 65 
5 65 
5 65 
5 60 
5 60 
5 60 65 
5 60 65 
5 60 
5 60 
5 60 65 
5 65 
5 60 65 
5 60 
5 65 
5 65 
5 60 65 
5 65 
5 65 
5 65 
5 65 
5 65 
5 65 
5 65 
5 60 
5 60 65 
5 65 
5 65 
5 65 
5 65 
5 60 
5 60 65 
5 16 
5 60 
5 53 
5 53 
5 60 
5 60 65 
5 60 65 
5 53 
5 60 
5 60 
5 60 
5 60 
5 60 
5 60 65 
5 60 
5 53 
5 69 
5 60 
5 60 65 
5 139 
5 60 
5 60 
5 60 65 
5 60 
5 60 
5 34 
5 60 65 
5 60 65 
5 34 65 
5 60 
5 
5 60 
5 60 
5 65 
5 60 
5 53 
5 60 
5 60 
5 60 65 
5 60 
5 60 
5 34 65 
5 65 
5 60 65 
5 60 
5 60 
5 60 
5 60 
5 60 
5 65 
5 65 
5 65 
5 60 
5 60 
5 65 
5 65 
5 60 65 
5 60 
5 60 
5 60 
5 60 65 
5 60 
5 60 
5 60 
5 60 65 
5 60 65 
5 60 65 
5 60 65 
5 60 65 
5 60 65 
5 60 
5 60 
5 60 
5 60 65 
5 65 
5 69 
5 60 106 
5 60 65 
5 106 
5 60 
5 60 
5 60 
5 60 
5 49 
5 60 
5 49 
5 60 
5 65 
5 60 
5 60 
5 60 
5 60 
5 60 
5 65 
5 60 
5 60 
5 65 
5 65 
5 65 
5 60 
5 60 
5 65 
5 65 
5 65 
5 65 
5 65 
5 60 65 
5 60 65 
5 60 65 92 
5 60 
5 60 65 
5 60 
5 106 
5 60 
5 60 
5 60 65 
5 60 65 
5 60 
5 60 
5 65 
5 65 
5 65 
5 65 
5 69 106 
5 69 106 
5 60 65 
5 60 
5 60 65 
5 60 
5 60 
5 60 
5 60 
5 36 60 
5 60 
5 60 
5 60 
5 60 
5 60 
5 60 
5 60 
5 60 
5 60 
5 83 
5 139 
5 60 
5 60 
5 83 
5 60 
5 60 
5 83 
5 60 
5 60 
5 60 
5 60 
5 60 
5 60 
5 60 
5 60 
6 8 18 120 
6 120 
6 25 
6 99 
6 25 55 
7 110 
5 7 34 44 54 65 90 102 107 135 
7 58 110 
7 58 110 
7 137 
5 7 27 92 118 135 
7 56 
7 123 
7 54 65 
7 134 
7 134 
7 20 134 
7 10 
7 58 
7 56 
7 20 58 
7 20 
7 20 58 
7 20 
7 113 
7 56 
7 20 58 
7 20 
7 72 
7 20 58 
7 20 
7 20 58 
7 110 
7 20 58 
7 27 34 44 54 65 96 135 137 139 
7 110 
7 27 34 44 54 65 96 135 137 139 
7 20 
7 56 
7 72 
7 20 58 
7 20 58 
7 20 58 
7 135 
7 20 58 
7 135 
7 135 
7 20 58 
7 113 
7 135 
7 20 58 
7 135 
7 52 
7 20 56 58 
7 130 
7 51 
7 56 
7 58 
7 20 56 
7 20 56 58 
7 56 
7 135 
7 20 56 58 
7 10 20 58 72 110 113 134 
7 54 135 
7 135 
7 20 56 58 
7 51 
7 56 
7 20 56 58 
7 56 
7 126 
7 
7 134 
7 20 58 
7 135 
7 34 54 
7 20 56 58 
7 134 
7 56 
7 56 58 
7 135 
7 56 
7 56 
7 56 
7 56 
7 113 
7 113 
7 135 
7 56 
7 56 
7 135 
7 135 
7 135 
7 135 
7 56 
7 56 
7 141 
7 56 
7 56 
7 141 
7 135 
7 56 
7 135 
7 56 
7 56 
7 56 
7 56 
7 10 
7 56 
7 141 
7 141 
7 20 58 
7 56 
7 56 
7 56 
7 20 
7 10 
7 10 20 21 47 56 58 59 72 134 
7 59 
1 2 5 6 7 8 11 12 16 18 23 26 33 35 43 46 54 55 56 58 67 70 73 75 80 83 89 90 92 97 100 106 120 122 128 141 
7 139 
7 10 
7 10 56 58 
7 54 
7 
7 134 
7 134 
7 
7 56 
7 56 
7 56 
7 99 
7 56 58 
7 56 
7 134 
7 56 
7 56 
7 56 
7 56 
7 56 
7 56 
7 56 58 
7 56 
7 58 
7 58 
7 58 
9 80 
9 110 
9 110 
9 56 
9 20 
9 35 
9 73 
9 110 
9 110 
9 110 
10 58 
10 20 
10 
10 
10 
10 58 
10 58 
10 20 
10 20 
10 
10 20 
10 20 
10 20 
10 20 
10 20 
10 14 52 
10 134 
10 20 
7 10 
10 58 134 
10 20 
10 72 
10 58 
10 134 
10 
10 58 
10 20 
10 58 
7 10 
10 59 
10 
10 
10 134 
10 134 
10 56 
10 141 
10 56 
10 56 
11 
11 
11 120 
11 
11 
6 11 
11 
6 11 
6 11 
6 11 
6 11 
11 48 
11 48 
11 48 
11 
11 
8 12 33 88 142 
12 55 
12 55 
12 55 
12 100 
13 38 
13 71 
13 103 
13 
13 103 
13 
13 99 126 
13 38 
13 38 
13 
13 
13 99 
13 99 
13 38 
13 99 126 
13 103 
13 103 
13 56 58 
7 13 
7 13 
7 13 
14 29 
14 29 
14 29 
14 24 31 63 132 
14 64 
14 105 
14 47 
14 71 
14 47 
14 71 
14 71 
14 71 
14 29 
14 64 
14 41 
14 71 
14 40 71 132 
14 31 41 
14 41 
14 41 
14 24 
14 64 
14 
14 71 
14 41 
14 31 
14 41 
14 71 
14 41 47 71 
14 63 
14 31 
14 
14 64 
14 64 
14 64 
14 41 
14 31 41 
14 41 47 
14 41 
14 64 
14 132 
14 48 
14 64 
15 104 
15 104 
15 104 
3 15 79 124 
15 104 
15 104 108 
15 104 108 
15 104 
3 15 124 
15 138 
15 108 
15 104 
15 104 
16 
16 
5 16 26 36 57 60 73 80 
16 122 
16 25 
5 16 
5 16 
5 16 26 36 57 60 73 80 
5 16 26 36 57 60 73 80 
5 16 26 36 57 60 73 80 
16 
5 16 26 36 57 60 73 80 
16 
16 98 
16 
17 111 119 
17 119 
17 119 
17 119 
17 111 119 
17 39 119 
17 39 119 
17 52 
17 39 52 111 119 
17 119 
17 39 
17 119 
17 119 
17 39 119 
17 119 
17 39 
3 17 39 119 
17 119 
17 52 111 119 
17 119 
17 39 119 
17 119 
17 52 
17 52 111 119 
17 52 
17 119 
17 39 52 111 119 
17 52 111 119 
17 52 
17 107 
17 52 111 119 
17 39 
17 119 
17 39 
17 39 119 
17 29 
17 29 
17 39 111 119 
17 48 
3 17 39 111 119 121 
17 52 111 119 
3 17 39 111 119 
17 111 119 
17 39 111 119 
17 39 
17 119 
17 39 52 111 119 
17 119 
17 111 119 
17 119 
17 52 
17 39 52 111 119 
3 17 39 111 119 
17 119 
17 119 
17 39 
17 39 119 
17 119 
17 52 
17 39 119 
17 111 
17 111 
17 119 
17 119 
17 119 
17 119 
17 119 
17 111 119 
17 111 119 
17 111 119 
17 
17 119 
17 119 
17 119 
17 107 
17 111 119 
17 107 
17 111 119 
17 119 
17 119 
17 107 
17 107 
17 39 
17 119 
17 119 
17 103 
17 39 103 111 119 
17 119 
17 111 
17 111 119 
17 111 
17 111 119 
17 119 
17 119 
17 107 
17 107 
17 119 
17 119 
17 119 
17 119 
17 103 
17 119 
17 119 
17 119 
17 111 
17 111 119 
17 119 
17 111 
17 119 
17 52 
17 119 
17 103 119 
17 103 
17 111 119 
17 119 
17 119 
17 119 
17 119 
17 119 
17 119 
17 
17 111 119 
17 111 
17 119 
17 111 119 
17 111 
17 111 119 
17 52 
17 119 
17 119 
17 119 
17 39 
17 119 
17 39 111 119 
17 39 111 119 
17 107 
17 39 103 119 
17 52 
17 39 
17 39 
17 111 119 
17 119 
17 111 119 
17 52 
17 
3 17 39 111 119 
17 39 111 119 
17 39 
17 
17 39 119 
17 39 
17 39 
17 39 103 111 119 
17 111 
3 17 39 119 
3 17 39 111 
17 40 107 
17 119 
17 103 
17 39 
17 38 39 119 
17 119 
17 39 
17 39 
17 107 
17 119 
17 119 
17 111 119 
17 119 
17 111 
17 111 119 
17 39 111 119 
17 119 
17 119 
17 46 
17 39 111 119 
17 39 119 
17 39 119 
17 39 119 
17 119 
17 39 119 
17 39 119 
17 39 111 119 
17 39 
17 39 119 
17 52 
17 52 119 
17 52 
17 111 119 
17 52 
17 52 
17 39 119 
17 39 
17 103 119 
17 52 
17 107 
14 17 
17 107 
17 39 111 119 
17 
17 39 111 119 
17 52 
17 119 
3 17 39 111 119 
17 39 
17 111 
17 39 111 119 
3 17 39 
17 111 119 
17 39 103 119 
17 46 
17 111 119 
17 111 119 
17 39 119 
17 39 119 
17 119 
17 119 
17 119 
17 39 103 119 
17 111 119 
17 119 
17 39 111 119 
3 17 39 119 
17 111 
17 111 
3 17 39 111 119 
17 39 
17 39 
17 111 
17 111 119 
17 111 
17 119 
17 39 111 
17 119 
17 107 
17 111 119 
17 111 
17 111 
17 39 119 
3 17 39 111 119 
17 39 111 119 
3 17 39 
17 39 111 119 
17 52 111 119 
17 39 111 119 
17 39 111 
17 111 119 
17 111 
17 111 
17 111 
17 39 111 119 
17 
3 17 39 111 119 
17 111 119 
3 17 
3 17 
17 111 119 
17 111 119 
3 17 119 
14 17 39 111 119 
17 111 119 
3 17 119 
17 119 
17 39 
17 20 58 111 119 
17 39 
17 111 
17 111 
17 40 107 
17 39 111 119 
17 119 
14 17 39 52 111 119 
17 39 111 119 
17 39 111 119 
3 17 39 111 119 
17 111 119 
17 111 
17 111 
17 111 
3 17 39 111 119 
17 111 
3 17 39 111 119 
17 111 
17 39 111 
17 39 
17 39 111 119 
17 119 
17 111 119 
17 119 
17 111 119 
17 111 119 
14 17 39 107 111 119 
17 119 
17 119 
17 111 119 
3 17 39 111 119 
3 17 39 111 119 
17 111 119 
3 17 39 111 119 
17 119 
17 39 111 119 
17 111 119 
17 39 111 119 
14 17 40 107 111 119 
17 39 111 119 
17 119 
3 17 111 119 
17 
17 
0 3 17 39 111 119 
17 
17 52 
17 39 111 119 
17 
17 119 
17 
17 
17 111 119 
17 
17 
17 
17 52 
17 
17 111 119 
17 
17 111 119 
17 111 
17 
17 111 119 
17 111 119 
17 39 103 111 119 
17 111 
17 111 
3 17 111 119 
17 119 
3 17 111 119 
17 119 
3 17 111 119 
3 17 111 119 
3 17 111 119 
3 17 111 119 
17 39 111 119 
17 119 
0 17 111 119 
14 17 
17 111 119 
3 17 111 119 
3 17 111 119 
3 17 111 119 
14 17 107 
3 17 111 119 
3 17 111 119 
17 52 
17 119 
3 17 111 119 
17 
17 111 119 
17 111 119 
3 17 111 119 
3 17 111 119 
3 17 111 119 
17 119 
17 119 
3 17 111 119 
17 111 119 
17 107 
17 107 
3 17 111 119 
17 119 
17 119 
17 111 119 
3 17 103 111 119 
17 119 
3 17 103 111 119 
3 17 103 111 119 
17 111 119 
17 111 119 
17 111 119 
3 17 103 111 119 
3 17 103 111 119 
3 17 103 111 119 
3 17 103 111 119 
3 17 103 111 119 
3 17 103 111 119 
3 17 103 111 119 
17 111 
17 39 111 119 
3 17 103 111 119 
17 119 
17 39 111 119 
3 17 103 111 119 
17 111 119 
3 17 103 111 119 
17 111 119 
17 111 119 
3 17 103 111 119 
3 17 103 111 119 
3 17 103 111 119 
3 17 103 111 119 
3 17 103 111 119 
17 52 
3 17 103 111 119 
17 39 111 119 
17 111 119 
3 17 103 111 119 
3 17 103 111 119 
3 17 103 111 119 
3 17 103 111 119 
17 111 
3 17 103 111 119 
3 17 103 111 119 
17 119 
3 17 103 111 119 
3 17 103 111 119 
17 111 119 
3 17 103 111 119 
3 17 103 111 119 
17 111 119 
17 111 119 
3 17 103 111 119 
17 111 119 
17 119 
17 107 
3 17 103 111 119 
3 17 103 111 119 
17 111 119 
3 17 103 111 119 
17 107 
3 17 103 111 119 
3 17 103 111 119 
3 17 103 111 119 
17 119 
17 107 
3 17 103 111 119 
3 17 103 111 119 
3 17 103 111 119 
3 17 103 111 119 
3 17 103 111 119 
3 17 103 111 119 
17 111 119 
17 111 119 
3 17 103 111 119 
3 17 103 111 119 
3 17 103 111 119 
3 17 103 111 119 
17 111 119 
3 17 103 111 119 
17 111 119 
3 17 103 111 119 
17 111 119 
3 17 103 111 119 
3 17 103 111 119 
3 17 103 111 119 
17 111 119 
3 17 103 111 119 
3 17 103 111 119 
17 111 
3 17 103 111 119 
3 17 103 111 119 
3 17 103 111 119 
3 17 103 111 119 
3 17 103 111 119 
3 17 103 111 119 
3 17 103 111 119 
17 111 119 
17 
3 17 103 111 119 
17 111 
17 111 
17 111 
17 111 119 
3 17 39 119 
17 111 119 
17 111 119 
17 111 
17 111 119 
3 17 103 111 119 
17 119 
17 29 107 
17 111 119 
17 119 
17 119 
17 
17 29 
3 17 103 111 119 
17 119 
17 111 119 
17 111 119 
17 111 119 
17 111 119 
17 119 
17 119 
3 17 103 111 119 
3 17 103 111 119 
17 111 119 
17 119 
17 119 
3 17 39 103 111 119 
3 17 103 111 119 
3 17 103 111 119 
3 17 103 111 119 
3 17 103 111 119 
17 119 
17 103 111 119 
17 103 111 119 
17 119 
17 103 111 119 
17 119 
17 119 
17 103 111 119 
17 103 111 119 
17 111 119 
17 29 40 107 
17 
17 
17 103 111 119 
17 103 111 119 
17 111 119 
17 111 119 
17 103 111 119 
17 103 111 119 
17 119 
17 103 111 119 
17 103 111 119 
17 103 111 119 
17 119 
17 111 119 
17 103 111 119 
17 103 111 119 
17 103 111 119 
17 103 111 119 
17 103 111 119 
17 39 119 
17 119 
17 39 119 
17 52 
17 119 
17 119 
17 111 119 
17 111 119 
17 119 
17 111 119 
17 111 119 
17 111 
17 103 111 119 
17 111 119 
17 119 
17 103 111 119 
17 103 111 119 
17 119 
17 103 111 119 
17 39 103 111 119 
17 111 119 
17 111 119 
17 103 111 119 
17 111 119 
17 103 111 119 
17 111 119 
17 119 
17 111 119 
17 103 111 119 
17 111 119 
17 119 
0 14 17 29 39 40 107 
17 119 
17 119 
3 17 103 111 119 
17 103 111 119 
17 111 119 
17 103 111 119 
17 111 119 
17 111 119 
17 119 
17 111 119 
17 103 111 119 
17 39 111 119 
17 111 119 
17 111 119 
17 111 119 
17 119 
17 39 111 119 
17 39 111 119 
17 111 119 
17 103 111 119 
17 107 
17 111 119 
17 111 119 
17 111 
17 103 111 119 
17 119 
17 103 111 119 
17 111 
17 103 111 119 
17 103 111 119 
17 39 103 111 119 
17 111 
17 111 119 
17 52 111 119 
17 103 111 119 
17 103 111 119 
17 111 119 
17 119 
17 103 111 119 
17 111 
17 103 111 119 
17 111 119 
17 111 119 
17 103 111 119 
17 119 
17 103 111 119 
17 111 119 
17 111 119 
17 103 111 119 
17 111 
17 119 
17 111 119 
17 107 
17 119 
17 103 111 119 
17 119 
17 103 111 119 
17 103 111 119 
17 103 111 119 
17 103 111 119 
17 103 111 119 
17 103 111 119 
17 103 111 119 
17 103 111 119 
17 103 111 119 
17 119 
17 103 111 119 
17 103 111 119 
17 103 111 119 
17 
17 111 119 
17 103 111 119 
17 103 111 119 
17 119 
17 103 111 119 
17 111 119 
17 111 119 
17 119 
17 119 
17 111 119 
17 111 119 
17 111 119 
17 119 
17 103 111 119 
17 119 
17 103 111 119 
17 119 
17 103 111 119 
17 103 111 119 
17 103 111 119 
17 103 111 119 
17 103 111 119 
17 119 
17 103 111 119 
17 103 111 119 
17 103 111 119 
17 111 119 
17 119 
17 111 119 
17 119 
17 107 
17 107 
17 111 119 
17 111 119 
17 107 
17 111 119 
17 119 
17 111 119 
17 119 
17 119 
17 119 
17 119 
17 119 
17 111 119 
17 111 119 
17 111 119 
17 111 119 
14 17 29 40 111 119 
17 103 111 119 
17 52 
17 119 
17 119 
17 52 
17 119 
17 119 
17 111 119 
17 119 
17 111 119 
17 111 119 
17 103 111 119 
17 111 119 
17 29 40 
17 119 
17 119 
17 119 
17 103 111 119 
17 103 111 119 
17 111 119 
17 107 
17 111 119 
17 103 111 119 
17 119 
17 111 119 
17 111 119 
17 119 
17 111 
17 111 
17 111 119 
17 111 119 
17 107 
17 111 
17 103 111 119 
17 111 
17 111 119 
17 111 
17 119 
17 119 
17 119 
17 111 
17 119 
17 103 111 119 
17 111 
17 111 119 
17 111 119 
17 111 
17 103 111 119 
17 119 
17 
17 119 
17 103 111 119 
17 111 119 
17 119 
17 111 119 
17 111 119 
17 119 
17 111 119 
17 111 119 
17 52 
17 111 119 
17 119 
17 111 119 
17 111 
17 103 111 119 
17 103 111 119 
17 111 119 
17 111 119 
17 119 
17 111 119 
17 119 
17 111 119 
17 111 119 
17 119 
17 119 
17 52 
17 111 
17 111 119 
17 111 119 
17 103 111 119 
17 119 
14 17 40 111 119 130 
17 111 119 
17 119 
17 103 111 119 
17 119 
17 111 119 
17 111 119 
3 14 17 40 111 119 130 
17 111 119 
17 103 111 119 
17 111 119 
17 111 119 
17 103 111 119 
17 103 111 119 
17 119 
0 17 
17 103 111 119 
17 111 119 
17 119 
17 111 119 
17 111 119 
17 111 119 
17 103 111 119 
17 103 111 119 
17 111 119 
17 
17 111 
17 119 
17 103 111 119 
17 111 119 
17 111 
17 111 
17 103 111 119 
17 103 111 119 
17 111 119 
17 111 
17 111 119 
17 111 119 
17 103 111 119 
17 111 119 
17 103 111 119 
17 111 119 
17 103 111 119 
17 111 
17 111 
17 111 119 
17 111 119 
17 103 111 119 
17 111 119 
17 103 111 119 
17 103 111 119 
17 103 111 119 
17 111 
17 103 111 119 
17 119 
17 103 111 119 
17 103 111 119 
17 103 111 119 
17 111 
17 103 111 119 
17 103 111 119 
0 17 111 119 
17 107 
17 103 111 119 
0 17 
0 17 111 119 
17 111 119 
17 29 40 130 
17 119 
14 17 29 40 130 
17 111 119 
17 119 
17 111 119 
17 111 119 
17 103 111 119 
17 111 119 
17 111 119 
17 111 
17 111 119 
17 119 
17 111 119 
17 111 119 
17 111 119 
17 119 
17 119 
17 119 
17 111 119 
17 111 119 
17 119 
17 111 119 
17 111 119 
17 103 111 119 
17 119 
17 111 119 
17 119 
17 111 119 
17 111 
17 111 
17 111 
17 111 119 
0 17 111 
17 111 
17 20 
17 111 
17 111 
17 111 
17 111 
17 111 119 
0 17 111 
17 111 
17 20 
17 111 
17 111 119 
0 17 20 56 58 111 119 134 
17 111 
17 111 119 
0 17 20 56 58 111 119 134 
17 111 
17 111 
17 111 
17 111 
17 
17 
17 103 111 119 
17 111 
0 17 20 56 58 111 119 134 
17 111 
17 111 
17 111 
17 
17 
17 103 111 119 
17 111 
0 17 20 56 58 111 119 134 
17 111 
17 111 
17 111 
17 103 
17 111 
17 103 111 119 
17 111 
17 111 
17 111 
17 103 111 119 
17 103 
17 111 
17 103 111 119 
17 103 111 119 
17 103 111 119 
17 103 
17 111 
17 111 
17 111 
17 111 119 
17 52 
17 111 119 
0 17 20 56 58 111 119 134 
17 130 
17 111 119 
17 111 
17 130 
17 29 40 
17 119 
17 119 
17 111 119 
17 119 
17 130 
17 111 119 
17 111 119 
17 119 
17 111 119 
17 111 119 
17 113 
17 111 119 
17 119 
17 111 119 
17 111 119 
17 111 
17 111 119 
17 103 
17 111 119 
17 103 119 
17 20 56 58 111 119 134 
17 111 119 
17 119 
17 20 56 58 111 119 134 
17 20 56 58 111 119 134 
17 111 119 
17 20 56 58 111 119 134 
17 111 119 
17 111 119 
17 20 
17 111 
17 20 56 58 111 
17 103 111 119 
17 20 56 58 
0 17 20 33 36 51 52 56 58 88 103 111 119 123 124 
17 20 56 58 103 111 119 134 
14 17 29 40 111 119 
14 17 
17 119 
14 17 
17 111 119 
17 103 
17 20 56 58 111 119 
17 111 119 
17 111 
17 111 119 
17 111 119 
17 111 119 
17 111 119 
17 111 
17 111 119 
17 111 119 
17 111 
17 111 119 
17 111 
17 111 
17 111 
17 111 
17 111 
17 111 
17 20 56 58 111 
17 111 
17 111 
17 111 
17 95 
17 111 
17 111 
17 111 
17 20 56 58 111 
17 
17 20 56 58 111 
17 20 56 58 111 
17 111 
17 20 56 58 111 
17 130 
17 111 
17 111 
17 111 
17 111 
17 111 
17 111 
17 111 
17 111 
17 111 
17 111 
17 20 56 58 111 
17 111 
17 111 
17 20 56 58 111 
17 20 56 58 111 
17 111 
17 20 56 58 111 
17 20 56 58 111 
17 111 
17 20 56 58 111 134 
3 17 20 56 58 111 121 
17 20 56 58 111 134 
17 111 
17 130 
17 130 
17 40 
17 40 
17 130 
17 111 
17 111 
17 111 
17 111 
17 111 
17 130 
17 111 
17 111 
17 111 
17 111 
17 20 56 58 111 134 
17 111 
17 111 
17 130 
17 111 
17 130 
17 20 56 58 111 134 
17 20 56 58 111 134 
17 20 56 58 111 134 
17 20 56 58 111 134 
17 111 
17 111 130 
17 130 
17 111 
17 111 
17 111 
17 111 
17 111 
17 111 
17 111 
17 111 
17 111 
17 111 
17 111 
17 111 
17 20 56 58 111 134 
17 111 
17 111 
17 111 
17 111 
17 
17 111 
17 111 
17 111 
17 111 
17 111 
17 111 
17 111 
17 111 
17 20 56 58 111 134 
17 111 
17 20 56 58 111 134 
17 
17 111 
17 
17 
17 111 
17 111 
17 111 
17 111 
17 111 
17 111 
17 111 
17 111 
17 111 
17 111 
17 111 
17 
17 20 56 58 111 134 
17 20 56 58 111 134 
17 20 56 58 111 134 
17 111 
17 111 
17 111 
17 130 
17 111 
17 
17 111 
3 17 111 
17 130 
17 130 
17 111 
17 111 
17 111 
17 111 
17 111 
17 111 
17 111 
17 
17 111 
17 111 
17 111 
17 111 
17 130 
17 111 
17 111 
17 130 
17 20 111 
17 111 
17 111 
17 130 
17 111 
17 111 
17 130 
17 111 
17 111 
17 111 
17 24 64 132 
17 20 111 130 
17 111 
17 20 111 
17 111 
17 111 130 
17 
17 111 
17 111 
17 111 
17 111 
17 130 
17 130 
17 130 
17 130 
17 111 
17 130 
17 
17 111 130 
17 130 
17 130 
17 130 
17 111 
17 130 
17 130 
17 130 
17 20 111 
17 111 130 
17 
17 111 
17 130 
17 130 
17 111 
17 111 
17 111 
17 111 
17 130 
17 130 
17 111 
17 111 
17 130 
17 130 
17 111 
17 111 
17 111 
17 130 
17 111 
17 111 
17 130 
17 111 
17 
17 111 
17 111 
17 
17 111 
17 111 
17 111 
17 111 
17 
17 
17 29 40 130 
17 111 
17 111 
17 111 
17 111 
17 63 
17 111 
17 111 
17 111 
17 111 
17 111 
17 111 
17 111 
17 111 
18 
18 
18 
18 
18 
18 
18 
18 
18 
18 
18 
18 
18 
18 
19 108 
19 77 
19 101 
20 80 88 
20 52 
20 72 134 
20 88 
20 88 
20 38 
20 88 
20 97 
20 110 
20 88 
20 52 
20 33 58 88 
20 110 
20 58 
20 58 
20 110 
20 111 
7 20 
7 20 
20 58 
20 111 
20 110 
20 58 88 110 
20 110 
20 58 110 
20 58 88 
20 58 
20 58 
20 111 
20 103 
20 
20 58 
20 88 
20 58 
20 119 
20 58 
20 58 
20 110 
20 110 
20 58 
20 119 
20 110 
20 58 
20 38 
0 1 7 20 38 80 88 112 
20 38 
20 58 
20 33 88 
20 33 88 
10 20 
20 130 
20 113 
20 88 
10 20 
20 88 99 
20 110 
10 20 
20 112 
20 58 
20 88 
20 72 
20 134 
20 88 
20 88 
20 88 
20 58 
20 58 
20 58 
10 20 
20 119 
20 119 
0 20 80 
20 88 
20 52 111 119 
10 20 
10 20 
0 1 7 20 38 69 80 88 112 119 
20 130 
20 58 
20 59 
7 20 38 51 
20 119 
7 20 38 51 
20 58 
1 20 58 88 110 
0 1 7 20 38 80 88 112 
20 38 
20 119 
20 130 
20 119 
0 20 130 
20 38 
20 38 
20 38 
0 1 7 18 20 33 38 69 74 80 88 112 119 123 124 142 
20 130 
20 113 
20 52 
20 58 
20 58 
20 38 
7 20 38 51 
20 52 
20 59 
20 119 
20 119 
7 20 58 
20 58 
20 80 
20 88 119 
20 130 
20 88 119 
20 130 
20 58 
10 20 
20 59 
20 59 
20 58 
20 38 58 111 134 
20 38 58 111 134 
20 113 
10 20 
20 97 
20 38 
20 111 119 
0 20 80 88 112 130 
10 20 
20 51 
20 130 
20 142 
20 113 
10 20 
20 58 
20 58 
20 38 
20 106 
20 58 
20 58 
20 58 
20 110 
10 20 38 
20 38 
20 58 74 112 
20 58 112 
20 58 130 
20 58 
20 88 
20 58 
20 88 
20 88 
20 58 
20 58 134 
20 58 88 
20 58 
20 58 
20 59 113 134 
20 59 113 134 
20 52 
20 52 
20 58 
20 38 
20 58 134 
20 58 
20 58 
20 38 
10 20 
20 21 
9 20 
20 58 
20 56 
20 56 
10 20 
20 58 
20 58 
20 58 
20 56 58 
21 103 
21 103 
21 38 
13 21 
21 113 
21 103 
21 38 103 
21 38 
21 59 113 
21 38 
21 29 38 
21 38 103 
21 29 
21 29 38 
13 21 
21 103 
21 38 
21 52 
13 21 
21 29 
21 29 
21 59 134 
13 21 
13 21 
21 29 
22 84 
22 85 
22 49 85 
22 85 
22 85 
22 49 
22 85 
22 109 
22 109 
22 73 
22 109 
22 49 
22 109 
22 137 
22 85 
22 49 
22 85 
22 85 
22 49 
22 137 
23 112 
23 98 
23 59 
23 134 
24 29 71 
24 132 
24 132 
24 31 
24 132 
24 31 
24 132 
24 31 
24 31 
24 31 
24 31 
24 63 132 140 
14 24 
24 140 
24 140 
24 31 
24 132 
24 40 132 
24 40 
24 40 
24 31 
24 40 
24 31 
24 132 
24 140 
24 40 64 91 132 
24 40 64 91 132 
24 91 
24 31 41 
24 31 
24 71 
24 132 
24 48 
24 64 
24 132 
24 64 
24 40 71 
24 40 
24 64 
24 40 
24 31 
24 31 
24 31 
24 31 
24 31 
24 40 
24 41 
24 31 
24 31 
24 40 
24 40 
24 40 
24 40 
24 40 
24 40 
24 40 
24 40 63 132 140 
24 40 
24 40 
14 24 
24 132 
24 31 105 
24 63 140 
24 48 
14 24 
25 46 
25 74 
25 58 74 
25 58 
25 74 
25 58 74 
25 74 
25 130 
25 58 
25 74 
25 74 
25 74 
25 58 
25 88 
25 128 
25 130 
25 74 
25 88 
25 128 
25 128 
25 46 
12 25 
8 25 46 
8 25 
25 102 
12 25 
12 25 
25 130 
25 130 
25 58 
25 58 
25 58 
25 58 
25 142 
25 74 
25 46 
25 60 
25 122 
25 60 
25 122 
25 122 
25 122 
25 122 
25 122 
25 122 
16 25 
16 25 
25 142 
25 142 
12 25 55 
25 46 
25 26 46 60 
25 142 
25 46 
25 46 
25 36 
25 36 
25 46 
25 46 
25 46 
25 36 
25 36 
25 130 
25 130 
25 46 
25 46 
8 25 46 
25 93 142 
25 58 
25 58 
25 36 
25 36 
25 46 
25 36 46 
25 36 46 
25 46 
25 74 
25 142 
25 142 
25 36 
6 25 
6 25 
25 142 
25 93 142 
25 93 
25 93 
25 93 142 
25 93 142 
25 93 
25 142 
25 46 
26 92 
26 36 
26 60 
26 36 
26 
26 
26 92 
26 92 
5 27 
27 
27 49 
27 35 
27 
27 69 
27 69 
27 35 
27 69 
6 28 
12 28 
3 28 
3 28 
28 99 
28 131 
14 29 
14 29 
29 107 
29 107 
29 107 
29 107 
29 107 
29 107 
29 40 
29 40 
29 107 
14 29 
29 40 107 
29 107 
29 107 
29 107 
14 29 
29 107 
29 107 
29 40 48 
29 107 
29 107 
14 29 
29 107 
29 48 
29 107 
29 107 
29 107 
29 48 
29 107 
29 40 
29 107 
29 107 
29 107 
29 40 48 107 
29 40 48 
29 40 48 
29 40 
29 107 
29 
29 107 
29 107 
29 40 48 
29 48 
14 29 107 
29 107 
29 107 
29 48 
14 29 
29 41 
29 48 
29 107 
29 40 48 
29 107 
29 
29 40 48 
14 29 
29 48 
29 40 
29 107 
29 107 
14 29 
29 107 
29 40 41 107 
29 40 48 
29 40 
14 29 
14 29 
29 48 
29 107 
29 40 48 
29 107 
29 48 
14 29 
29 107 
29 107 
29 107 
29 107 
29 107 
29 40 
29 40 48 
29 41 
14 29 
29 41 
29 107 
29 48 
29 40 107 
29 40 48 
14 29 
29 107 
14 29 
29 107 
29 107 
29 107 
29 40 
14 29 
29 107 
29 107 
29 107 
29 40 48 
29 107 
29 48 
29 107 
24 29 40 
29 64 
29 107 
29 40 48 
29 48 
29 48 
29 48 
29 107 
24 29 40 
29 40 
29 107 
29 107 
29 132 
14 29 
29 107 
29 48 
29 107 
14 29 
29 107 
29 107 
29 107 
29 
29 107 
14 29 
29 47 71 
29 107 
29 107 
29 107 
29 107 
29 40 
29 40 48 
29 48 
29 40 48 
29 107 
24 29 
29 107 
29 107 
29 107 
29 48 
14 29 
29 107 
29 40 
29 47 
29 107 
29 71 
29 48 
29 47 
29 48 
29 107 
29 40 
29 40 48 
29 107 
29 48 107 
29 107 
29 107 
14 29 
14 29 
29 107 
29 107 
29 136 
29 40 
29 71 
29 107 
29 107 
14 29 
29 107 
29 107 
29 40 48 107 
29 107 
29 40 41 48 
29 40 
29 107 
29 107 
29 41 
29 40 
29 107 
14 29 
29 107 
29 107 
29 107 
29 107 
29 107 
14 29 
29 107 
29 40 107 
29 107 
17 29 
29 107 
29 105 
29 105 
29 132 
29 107 
29 132 
29 107 
29 40 
29 40 
14 29 41 71 
14 29 41 71 
29 107 
29 107 
29 107 
29 107 
29 48 
29 107 
29 48 
29 107 
14 29 
14 29 
29 107 
29 107 
29 107 
29 107 
29 40 48 
29 40 48 
29 107 
29 107 
29 40 48 
29 40 48 
31 41 
31 41 
31 107 
31 41 
31 41 
31 41 
31 41 
31 41 
31 41 
31 41 
31 41 
31 41 
14 31 41 71 
31 41 
31 71 
31 40 48 105 
31 40 48 105 
31 41 
31 40 
31 40 
31 40 
31 40 
31 40 
31 40 
31 41 
31 40 
31 41 
31 41 
31 41 
31 41 
31 40 
24 31 
31 41 
31 41 
31 41 
31 41 
31 41 
31 41 
31 41 
31 41 
31 41 
31 41 
31 40 
24 31 
31 41 
31 41 
31 71 
24 31 132 
31 41 
14 29 31 40 71 
31 41 
29 31 
29 31 
31 41 
31 41 
29 31 40 41 71 
31 40 
31 41 
31 41 
31 41 
31 71 
31 41 
31 41 
31 41 
31 40 
31 132 
31 40 
31 40 
31 40 
31 40 
31 40 
31 40 41 63 132 
31 63 
31 41 
31 40 
31 41 
31 40 
24 31 
31 40 
31 40 
31 71 
31 41 
31 41 
31 41 
31 41 
31 41 
31 41 
31 41 
31 41 47 
31 41 
31 41 
14 29 31 40 41 71 
31 41 
31 41 
31 41 
31 40 
31 40 
31 40 
31 41 
31 41 
31 41 
31 40 
31 40 
31 40 
31 40 
31 47 
31 41 
31 40 
31 41 
31 40 
31 41 
31 41 
31 41 
31 41 
31 41 
31 41 
31 41 
24 31 
31 41 
31 41 
31 41 
31 41 
31 41 
31 41 
31 41 
31 41 
31 41 
31 40 
31 40 
31 41 
31 41 
31 41 
31 41 
31 41 
31 41 
31 41 
31 132 
31 132 
31 41 
31 41 
31 41 
32 129 
32 129 
32 80 
32 129 
32 112 
32 112 
32 43 129 
32 43 129 
32 43 129 
32 43 129 
32 43 129 
32 43 129 
32 43 129 
32 43 129 
32 43 129 
32 112 
32 43 129 
32 43 129 
32 43 129 
32 43 129 
32 43 129 
32 43 129 
32 43 129 
32 43 129 
32 43 129 
32 43 129 
32 112 
32 43 
32 112 
32 129 
32 43 129 
32 43 129 
32 129 
32 43 129 
32 43 129 
32 43 129 
32 43 
32 43 129 
32 43 80 84 94 
32 129 
32 129 
32 80 
32 129 
23 32 43 
32 129 
32 129 
32 129 
32 
32 129 
32 
32 129 
32 43 
32 43 80 84 94 
32 129 
32 80 
32 129 
32 80 
32 43 129 
32 80 
32 80 
32 43 129 
32 80 112 
32 98 
32 129 
32 80 
32 80 
32 80 
32 43 
32 43 
32 43 
32 45 84 
32 43 80 
32 43 
32 80 
32 80 
32 43 
32 43 129 
32 98 
32 43 
32 84 
32 43 129 
32 98 
32 43 98 129 
32 43 80 84 94 
32 43 80 84 94 
32 
32 43 
32 129 
23 32 
32 98 
32 43 98 129 
32 43 98 129 
32 129 
32 
32 43 98 129 
32 43 
32 129 
32 129 
32 129 
32 129 
32 129 
32 43 
16 32 43 61 
32 43 129 
32 43 80 129 
32 43 98 129 
32 43 98 129 
32 
32 129 
32 129 
32 43 98 129 
32 
32 45 84 
32 
32 80 94 129 
32 129 
32 43 98 129 
32 43 98 129 
32 43 129 
32 43 98 129 
32 43 129 
32 129 
32 
32 
32 129 
32 43 98 129 
16 32 43 80 129 
32 129 
32 43 129 
32 43 98 129 
32 43 98 129 
32 
32 43 129 
16 32 
32 43 80 84 94 
32 43 
32 43 
32 129 
32 45 
32 129 
32 129 
32 
32 43 
32 43 
32 43 129 
32 43 98 129 
32 43 129 
32 73 
32 43 
32 43 
32 129 
32 43 129 
32 43 
32 43 
32 43 
32 129 
32 129 
32 43 73 129 
32 129 
32 80 94 
32 80 
32 43 
32 80 
32 45 
32 43 129 
32 
32 129 
32 129 
32 84 
32 129 
32 43 129 
32 129 
32 
32 43 
32 43 
32 43 
16 32 
32 84 
32 129 
32 45 
32 45 
32 84 
32 84 
32 
32 43 
32 129 
32 80 
32 129 
32 129 
32 129 
32 54 
32 129 
32 43 
32 129 
32 80 
32 84 
32 54 94 
32 94 129 
32 94 
32 43 
27 32 
32 45 
32 43 
32 43 
32 129 
32 129 
32 80 
32 80 
32 80 
32 80 
32 43 
32 43 
32 43 
32 43 
32 54 
32 54 
32 45 129 
32 45 129 
32 45 129 
32 45 129 
32 129 
32 129 
32 43 122 
32 54 
32 43 122 
32 54 
32 43 45 
32 45 
32 54 
23 32 
32 129 
32 94 
32 45 
32 86 
32 54 73 74 
32 54 
32 54 
32 
32 80 
32 129 
32 
32 129 
32 129 
32 83 
32 83 
32 83 
32 129 
32 68 
32 68 
32 129 
32 129 
32 68 
32 68 
32 68 
32 68 83 
32 68 83 
32 68 83 
32 68 
32 68 
32 68 
32 83 
32 129 
32 83 
32 129 
32 68 
32 129 
32 129 
32 68 
32 83 
32 129 
32 83 
32 129 
32 68 
32 129 
32 83 
32 
32 41 
32 
32 83 
32 83 
32 83 
32 
32 83 
32 68 
32 68 
32 68 
32 68 
32 
32 68 
32 68 
32 68 
32 
32 
32 68 
32 
32 
32 
32 
32 
32 
32 
32 
32 
32 
32 
32 
32 
32 
32 
32 68 
32 
32 
32 
32 
32 
32 
32 
32 
32 
32 83 
32 83 
32 
32 
32 
32 
32 
32 
32 
32 
32 48 
33 55 
33 138 
34 65 
34 96 
34 54 65 
34 54 65 
34 54 
34 65 
34 54 65 
34 54 
34 107 
34 65 
34 65 
34 65 
34 54 
34 65 
34 65 
34 139 
34 65 
34 139 
34 139 
34 65 
34 65 
34 65 
34 139 
34 139 
34 139 
34 139 
34 65 
34 139 
34 139 
34 139 
34 65 
34 65 
34 65 
34 65 
34 139 
34 139 
34 139 
34 90 
34 139 
34 139 
34 139 
34 65 
34 139 
34 139 
34 54 
34 65 
34 139 
34 65 
34 65 
34 139 
34 54 75 
34 75 
34 65 
34 54 75 
34 139 
34 139 
34 139 
34 54 75 
34 54 
34 54 
34 65 139 
34 139 
34 139 
34 139 
34 54 75 
34 139 
34 139 
34 35 
34 139 
34 139 
34 65 139 
34 54 
34 65 139 
34 139 
34 139 
34 139 
34 139 
34 54 65 75 
34 139 
34 65 
34 139 
34 65 
34 139 
34 54 
34 65 
34 96 
34 65 139 
34 139 
34 139 
34 65 139 
34 139 
34 139 
34 36 
34 65 
34 65 
34 54 65 75 
34 136 
34 65 
34 65 
34 65 
34 139 
34 139 
34 65 
34 65 
34 65 
34 118 
1 35 
35 70 141 
35 75 
1 35 
35 141 
35 141 
36 110 
36 102 
36 112 
0 3 36 
36 102 
36 60 
36 110 
36 102 
0 26 36 60 92 102 
36 127 
36 46 
36 112 
36 93 
26 36 46 
36 53 
0 36 57 
0 36 
0 36 57 
36 102 
36 102 
36 102 
36 117 
36 102 
36 58 
36 58 
36 57 
0 26 36 57 60 117 127 
36 102 
0 36 
36 
0 26 36 46 57 60 92 102 117 127 
36 102 
36 102 
36 102 
0 36 60 92 102 
36 46 
36 102 
36 102 
36 102 
36 102 
36 102 
0 36 
36 60 92 
26 36 57 117 127 
26 36 46 57 102 117 127 
36 102 
0 36 
0 36 
36 60 
36 46 
36 130 
36 60 
36 136 
0 36 
36 60 
36 102 
36 57 102 127 
36 107 
26 36 46 127 
3 36 
36 107 
0 36 60 92 
0 36 46 
36 102 
26 36 
3 36 
36 102 
36 102 
1 36 
36 70 
26 36 46 57 60 102 127 
34 36 
36 57 117 127 
36 57 
26 36 46 
36 107 
0 36 
36 60 
36 58 
36 46 57 60 102 107 127 
36 57 127 
36 102 
36 136 
0 36 
36 57 
26 36 
0 26 36 46 57 60 102 127 
36 117 
36 57 
36 57 127 
36 92 
26 36 
36 130 
0 36 46 56 58 
36 102 
3 36 79 
0 26 36 
36 57 60 92 107 117 127 
3 36 79 
36 102 
0 26 36 46 102 127 
36 130 131 
36 92 
36 102 
36 130 
5 26 36 46 57 60 92 102 115 130 139 
5 26 36 46 57 60 92 102 115 130 139 
3 36 79 124 
5 26 36 46 57 60 92 102 115 130 139 
36 58 
36 102 
5 26 36 46 57 60 92 102 115 130 139 
36 46 115 
36 60 
36 46 92 
26 36 46 57 60 92 115 
5 26 36 46 57 60 92 102 115 130 139 
25 36 
36 139 
5 26 36 46 57 60 92 102 115 130 139 
25 36 
25 36 
25 36 
5 26 36 46 57 60 92 102 115 130 139 
36 102 
36 79 
36 58 
36 58 
5 26 36 46 57 60 92 102 115 130 139 
36 46 57 60 92 102 115 130 139 
36 92 
36 80 
26 36 46 57 60 92 
36 46 57 60 92 102 115 130 139 
36 46 57 60 92 102 115 130 139 
36 130 
36 46 57 60 92 102 115 130 139 
36 58 
36 46 
36 130 
36 46 57 60 92 102 115 130 139 
36 46 57 60 92 102 115 130 139 
36 60 
36 130 
36 46 57 60 92 102 115 130 139 
36 130 
36 46 57 60 92 102 115 130 139 
36 46 92 115 
36 92 
36 122 
3 36 79 
36 46 57 60 92 102 115 130 139 
36 46 57 60 92 102 115 130 139 
36 58 
36 46 57 60 92 102 115 130 139 
1 36 
1 36 80 
36 46 57 60 92 102 115 130 139 
36 46 57 60 92 102 115 130 139 
26 36 46 57 60 92 115 130 139 
1 36 58 
36 58 
36 130 
36 58 
36 54 
36 115 139 
26 36 46 57 60 92 115 130 139 
36 130 
36 58 
36 46 
36 46 
36 54 
25 36 
25 36 
3 36 
36 54 
26 36 46 57 60 92 115 130 139 
36 58 
36 130 
36 54 115 139 
36 58 
26 36 46 57 60 92 115 130 139 
36 54 
26 36 46 57 60 92 115 139 
36 54 
36 57 
36 139 
26 36 46 57 60 92 115 130 139 
3 36 
36 54 
36 54 
36 92 
36 115 
36 54 
36 115 
36 92 
26 36 46 57 60 92 115 130 139 
36 54 
36 54 
36 56 
26 36 46 57 60 92 115 130 139 
36 130 
25 36 142 
37 
28 37 
37 131 
28 37 
37 131 
37 124 
28 37 
28 37 
37 108 
37 108 
28 37 
37 125 
37 125 
37 125 
37 125 
37 101 
28 37 
28 37 
37 125 
37 125 
28 37 
37 114 
37 125 
37 125 
37 125 
37 125 
37 125 
37 125 
37 125 
37 125 
37 125 
37 125 
37 114 
37 108 
37 116 
37 125 
38 126 
38 56 
38 99 
22 38 
38 99 126 
38 52 99 103 
38 99 
38 99 
38 126 
38 103 
38 103 
38 56 
38 103 
38 126 
38 103 126 
13 38 
38 99 
38 103 
38 126 
38 126 
13 38 
38 134 
38 134 
38 126 
38 126 
20 38 
38 126 
38 56 
38 103 
38 126 
20 38 
38 88 
38 126 
38 126 
38 126 
38 126 
10 38 58 
38 126 
38 126 
38 126 
38 56 
13 38 
38 126 
38 51 
38 126 
20 38 58 110 
38 52 
38 126 
38 103 
38 103 
38 99 126 
38 103 
38 56 
38 103 
20 38 
38 56 
38 99 
38 58 
38 99 
38 111 
20 38 58 
38 
38 103 
20 38 
38 99 
20 38 
20 38 
38 126 
20 38 58 
38 72 110 
38 126 
38 99 103 126 
38 99 103 126 
38 99 103 126 
38 99 
38 99 
38 99 
38 52 
38 99 
10 38 
38 110 
38 103 
20 38 
13 38 
20 38 
38 99 
13 38 
21 38 
21 38 
38 99 126 
20 38 58 
20 38 134 
38 126 
38 126 
38 99 103 126 
38 126 
38 126 
38 99 
38 99 
38 126 
21 38 
21 38 
38 99 
38 58 
38 99 103 126 
38 99 
10 20 38 52 56 58 111 134 
38 56 
38 99 
38 56 
38 126 
38 126 
13 38 
38 99 126 
38 99 
13 38 
38 126 
21 38 
21 38 
38 99 
38 56 
38 99 
20 38 
38 126 
38 126 
38 99 
13 38 
39 121 
28 39 124 131 
39 119 
15 39 104 
3 39 103 111 
15 39 
39 104 
39 131 
39 104 
0 17 39 103 119 
3 15 28 39 79 103 104 119 124 
14 39 
17 39 103 119 
0 3 14 15 28 39 79 103 104 124 
3 15 28 39 79 104 124 131 
3 28 39 111 119 
39 103 119 
28 39 
17 39 
17 39 
3 39 103 119 
39 121 
39 119 
39 
39 121 
39 119 
39 103 119 138 
39 119 
39 
39 103 119 
39 119 
39 119 
39 119 
39 119 
39 119 
39 119 
39 119 
39 119 
39 119 
3 15 39 
39 108 
39 103 
39 103 
39 108 
3 39 52 103 111 119 
39 119 
39 103 119 
39 119 
39 119 
0 3 10 17 36 38 39 46 52 103 111 119 
0 3 10 17 36 38 39 46 52 103 111 119 
39 119 
15 39 119 
0 3 10 17 36 38 39 46 52 103 111 119 
0 3 10 17 36 38 39 46 52 103 111 119 
0 3 10 17 36 38 39 46 52 103 111 119 
38 39 
0 3 10 17 36 38 39 46 52 103 111 119 
39 103 
39 119 
0 3 10 17 36 38 39 46 52 103 111 119 
39 103 
39 119 
39 119 
39 119 
0 3 10 17 36 38 39 46 52 103 111 119 
39 103 
39 119 
39 119 
39 103 119 
0 3 10 17 36 38 39 46 52 103 111 119 
0 3 10 17 36 38 39 46 52 103 111 119 
0 3 10 17 36 38 39 46 52 103 111 119 
17 39 
39 104 
0 3 10 17 36 38 39 46 52 103 111 119 
17 39 119 
39 103 
0 3 10 17 36 38 39 46 52 103 111 119 
39 103 119 
39 
0 3 10 17 36 38 39 46 52 103 111 119 
39 119 
39 103 119 
39 108 
0 3 10 17 36 38 39 46 52 103 111 119 
39 119 
39 
39 119 
39 103 119 
0 3 10 17 36 38 39 46 52 103 111 119 
0 3 10 17 36 38 39 46 52 103 111 119 
17 39 
39 119 
39 119 
39 119 
39 119 
39 119 
39 119 
39 119 
39 103 119 
39 119 
39 119 
0 3 14 15 17 38 39 52 87 88 103 104 108 111 119 124 131 138 
31 41 
14 41 
41 47 
31 41 
41 47 
41 47 
31 41 
31 41 
41 71 
31 41 
31 41 
7 41 
41 47 
31 41 
31 41 
31 41 
31 41 
29 41 
31 41 
29 41 
41 
41 
29 41 
41 
41 
41 47 
29 41 
29 41 
41 47 
29 41 
29 41 
41 47 
7 41 
29 41 
31 41 
41 71 
31 41 
41 47 
29 41 
31 41 
29 41 
29 41 
31 41 
31 41 
29 41 
29 41 71 
29 41 
41 47 
41 71 
31 41 
29 41 
31 41 48 
31 41 
29 41 
31 41 
31 41 
31 41 
29 41 
29 41 
31 41 
41 47 
29 41 
29 41 
41 47 
29 41 47 
29 41 
41 47 
31 41 
29 41 
41 47 
41 71 
29 41 
41 47 
29 41 
29 41 
29 41 
31 41 
29 41 
31 41 
31 41 
31 41 
29 41 
31 41 
31 41 
29 41 
31 41 
41 47 
31 41 
31 41 
31 41 
14 29 40 41 71 
41 71 
31 41 
41 47 
31 41 
31 41 
31 41 
31 41 
31 41 
31 41 
29 41 
41 71 
41 47 
41 71 
41 47 
41 
31 41 
31 41 
31 41 
41 47 
41 47 
31 41 
31 41 
41 63 
29 41 
24 40 41 71 
41 71 
40 41 
41 63 
31 41 
31 41 
31 41 
31 41 
40 41 
31 41 
14 29 41 
41 47 
31 41 
31 41 
31 41 
31 41 
31 41 
31 41 
31 41 
31 41 
14 29 41 
31 41 
31 41 
31 41 
41 47 
31 41 
31 41 
31 41 
31 41 
14 41 
14 31 41 
14 31 41 
14 29 31 41 
31 41 
29 41 
31 41 
31 41 
31 41 
31 41 
31 41 
31 41 
42 
4 42 
42 109 
4 42 50 82 
4 42 50 82 109 
42 85 
42 109 
10 42 
42 109 
42 50 
42 50 
4 42 
4 42 50 82 109 
42 50 
42 50 
42 109 
42 50 
42 50 
4 42 50 82 109 
42 50 
4 42 
4 42 
42 85 
4 42 50 82 109 
42 109 
4 42 50 82 109 
4 42 50 82 109 
4 42 82 
4 42 50 82 109 
4 42 50 
42 50 
4 42 50 82 109 
42 109 
42 109 
4 42 
4 42 
42 109 
42 82 109 
4 42 50 82 109 
42 50 
42 50 
4 42 50 82 109 
42 82 109 
42 81 109 
42 50 81 99 109 
42 85 
42 50 81 99 109 
42 85 
42 50 
42 50 81 99 109 
42 50 81 99 109 
42 50 81 99 109 
42 50 81 99 109 
42 50 81 99 109 
42 50 81 99 109 
4 42 50 82 109 
4 42 50 82 109 
42 50 81 99 109 
42 85 
42 50 81 99 109 
42 50 81 99 109 
4 42 50 82 109 
4 42 50 82 109 
42 99 
42 50 
42 50 81 99 109 
42 50 81 99 109 
42 50 81 99 109 
4 42 50 82 109 
4 42 50 82 109 
4 42 50 82 109 
42 99 
42 99 
4 42 50 82 109 
32 43 
43 90 
43 80 
32 43 
43 80 
32 45 
45 80 
45 80 
36 46 
36 46 
46 122 
46 139 
46 58 
46 58 
47 52 
47 134 
14 47 
47 71 
14 47 
14 47 
14 47 
14 47 
41 47 
40 41 47 
47 97 
41 47 
47 52 
41 47 
47 58 
47 58 
47 58 
47 58 
47 51 
47 58 
47 51 
47 58 
47 110 
24 47 
47 72 
14 41 47 
14 47 
47 58 
41 47 
47 134 
47 134 
47 58 
41 47 
48 132 
48 132 
48 59 
40 48 
48 105 
11 48 64 132 
24 40 48 132 
24 40 48 132 
11 48 64 132 
24 31 40 41 48 
11 48 64 132 
48 64 
24 48 105 
11 48 64 132 
40 48 63 132 
11 48 64 132 
48 105 
48 63 
48 105 
11 48 64 132 
48 91 
48 132 
24 48 63 132 140 
48 91 
48 91 
40 48 132 
24 48 63 132 140 
40 48 64 
49 50 126 
49 103 
22 49 
22 49 
22 49 
22 49 
22 49 85 
49 85 
49 85 
49 81 
49 130 
49 130 
49 130 
49 130 
49 130 
49 130 
49 98 
49 137 
49 137 
49 85 
49 98 
22 49 
49 98 
49 98 
22 49 
5 49 
49 137 
22 49 
49 85 
49 130 
49 103 
49 81 
49 131 
49 131 
49 57 131 
49 85 
49 85 
22 49 
22 49 
22 49 
49 131 
49 130 131 
49 131 
49 85 
49 85 
49 85 
22 49 
22 49 
49 137 
49 85 
22 49 
49 85 
49 85 
22 49 
49 137 
22 49 
22 49 
22 49 
49 131 
49 131 
49 131 
49 85 
49 131 
49 131 
49 85 
22 49 
49 85 
49 131 137 
49 85 
49 131 
49 85 
49 85 
49 131 
49 131 
49 131 
49 131 
22 49 
49 85 
22 49 
22 49 
49 131 
49 112 
49 85 
22 49 
22 49 
49 131 
22 49 
49 85 
49 78 112 130 
22 49 
22 49 
22 49 
49 131 
49 137 
22 49 
22 49 
49 131 
22 49 
22 49 
22 49 
22 49 
22 49 
22 49 
49 85 
49 131 
22 49 
49 85 
49 85 
49 85 
49 131 
49 85 
49 85 
22 49 
22 49 
49 78 
22 49 
49 85 
22 49 
22 49 85 
22 49 
49 131 
49 85 
49 85 
22 49 
22 49 
49 85 
22 49 
42 50 
50 126 
50 126 
50 126 
42 50 
50 126 
50 126 
4 42 50 109 126 
42 50 
50 123 
50 126 
4 50 
4 42 50 109 126 
4 42 50 109 126 
4 42 50 109 126 130 
50 126 
50 126 
50 126 
4 42 50 109 126 
4 42 50 109 126 
4 42 50 109 126 
50 126 
50 99 
42 50 
4 42 50 109 126 
50 109 
4 42 50 109 126 
50 126 
50 126 
50 99 126 
4 42 50 109 126 
50 109 
50 56 
4 42 50 
50 56 
42 50 
4 50 
4 42 50 
50 109 126 
4 42 50 58 109 126 
4 42 50 
4 42 50 
4 42 50 109 126 
50 109 
50 109 
22 50 109 
50 109 
50 126 
50 126 
50 109 
50 126 
22 50 109 
50 52 
50 109 
50 109 
50 109 
50 109 
50 109 
50 126 
50 126 
4 42 50 109 126 
4 22 42 49 50 85 99 109 126 
50 126 
42 50 
4 42 50 109 126 
4 42 50 109 126 
50 126 
50 126 
50 126 
50 126 
50 126 
42 50 
22 50 99 126 
50 126 
50 126 
50 126 
50 126 
50 126 
50 126 
50 126 
50 126 
50 126 
50 99 
50 126 
42 50 
50 126 
50 109 
50 56 
50 126 
4 50 
50 126 
50 126 
50 126 
50 126 
50 126 
50 126 
4 42 50 
50 126 
50 109 
4 42 50 109 126 
50 109 
22 50 126 
22 50 126 
22 50 
22 50 
4 42 50 
50 126 
22 50 126 
22 50 126 
22 50 99 126 
22 50 99 126 
22 50 99 126 
38 50 
22 50 99 126 
22 50 99 126 
22 50 126 
22 50 99 126 
50 126 
50 109 
22 50 99 126 
50 99 
22 50 99 126 
22 50 99 126 
22 50 99 126 
50 126 
22 50 99 126 
50 126 
4 42 50 109 126 
22 50 99 126 
22 50 99 126 
50 126 
22 50 99 126 
22 50 99 126 
22 50 99 126 
22 50 99 126 
22 50 
22 50 99 126 
22 50 99 126 
4 42 50 109 126 
4 42 50 
22 50 99 126 
22 50 99 126 
50 124 
22 50 99 126 
50 109 
4 42 50 109 126 
50 124 142 
22 50 99 126 
50 126 
22 50 99 126 
22 50 99 126 
49 50 
22 50 99 126 
50 109 126 
22 50 99 126 
22 50 
22 50 
4 42 50 109 126 
22 50 99 126 
22 50 99 126 
50 124 142 
22 50 99 126 
22 50 99 126 
50 126 
50 126 
22 50 99 126 
50 126 
22 50 99 126 
50 109 
50 126 
50 56 
22 50 99 126 
22 50 99 
22 50 99 
42 50 
4 42 50 109 126 
50 109 
22 50 99 
22 50 99 
4 22 42 50 109 126 
22 50 99 
22 50 
22 50 99 
22 50 99 
22 50 99 
42 50 
4 42 50 109 126 
22 50 99 
22 50 99 
4 42 50 109 126 
22 50 99 
22 50 99 
18 50 124 142 
22 50 99 
22 50 99 
22 50 99 
50 56 126 
22 50 99 
50 126 
50 56 126 
22 50 99 
50 126 
42 50 
50 126 
4 42 50 109 126 
22 50 99 
50 126 
22 50 99 
4 42 50 99 109 126 
22 50 99 
22 50 99 
22 50 99 
42 50 56 126 
22 50 99 
50 126 
22 50 99 
18 50 124 142 
4 42 50 109 126 
22 50 99 
4 42 50 109 126 
4 42 50 109 126 
4 42 50 109 126 
50 126 
22 50 
22 50 99 
22 50 
50 126 
22 50 99 
22 50 99 
22 50 99 
4 42 50 109 126 
22 50 99 
50 126 
4 42 50 109 126 
4 42 50 109 126 
4 22 42 50 109 126 
42 50 
42 50 
4 50 109 126 
50 109 126 
42 50 
50 126 
4 50 109 126 
4 50 109 126 
42 50 
42 50 
22 42 50 99 
4 50 109 126 
50 126 
50 126 
22 42 50 99 
42 50 
42 50 
4 50 109 126 
22 42 50 99 
22 42 50 99 
22 42 50 99 
4 50 109 126 
22 42 50 99 
22 42 50 99 126 
22 42 50 99 
22 42 50 99 
42 50 
50 109 
22 50 
22 42 50 99 
22 50 
22 42 50 99 
50 126 
50 126 
22 42 50 99 
22 42 50 99 
22 42 50 99 
22 42 50 99 
4 50 109 126 
22 42 50 99 
22 42 50 99 
50 56 
4 50 109 126 
22 42 50 99 
50 126 
50 56 
22 42 50 99 
4 50 109 126 
4 50 109 126 
4 50 109 126 
4 50 
22 42 50 99 
22 50 
50 56 
22 42 50 99 
4 50 109 126 
22 42 50 99 
50 109 126 
4 50 
22 42 50 99 
4 50 109 126 
22 42 50 99 
22 42 50 99 
22 42 50 99 
50 56 
50 56 
50 56 
22 42 50 99 
22 42 50 99 
50 109 
4 50 109 126 
50 126 
22 42 50 99 
50 124 
4 49 50 109 126 
50 109 
50 99 
22 42 50 99 
22 42 50 99 
50 126 
22 50 
42 50 
22 42 50 99 
50 126 
4 50 109 126 
22 42 50 99 
50 109 
50 56 
38 50 126 
4 22 42 49 50 99 109 126 
42 50 
22 42 50 99 
42 50 
4 50 109 126 
4 50 
41 50 
42 50 
22 42 50 99 
42 50 
42 50 
50 126 
22 42 50 99 
42 50 
50 109 
50 109 
22 42 50 99 
22 42 50 99 
22 50 
4 50 109 126 
22 42 50 99 
22 50 
50 56 
50 56 
50 56 
22 42 50 99 
22 42 50 99 
4 50 109 126 
22 42 50 99 
4 50 109 126 
22 50 
50 126 
50 126 
4 50 109 126 
22 42 50 99 
50 109 
4 50 109 126 
50 56 
22 42 50 99 
50 56 
22 42 50 99 
50 56 
50 126 
22 42 50 99 
22 42 50 99 
22 50 
22 42 50 99 
22 42 50 99 
22 42 50 99 
50 56 
50 126 
22 42 50 99 
42 50 
42 50 
42 50 
50 56 
4 50 
4 50 109 126 
22 42 50 99 
22 42 50 99 
22 42 50 99 
50 56 
22 42 50 99 
22 42 50 99 
50 109 
22 42 50 99 
22 42 50 99 126 
22 42 50 99 
22 42 50 99 
22 42 50 99 
22 42 50 99 
50 56 141 
50 56 
22 42 50 99 
22 42 50 99 
4 50 109 126 
4 50 
4 50 109 126 
22 42 50 99 
22 50 
22 42 50 99 
49 50 
50 56 
50 56 
22 42 50 99 
4 50 109 126 
50 126 
22 42 50 99 
22 42 50 99 
22 50 
22 42 50 99 
4 50 109 126 
50 56 141 
22 42 50 99 
4 50 109 126 
50 109 126 
4 50 
50 56 141 
50 99 
22 42 50 99 
4 50 109 126 
22 42 50 99 
50 56 141 
4 50 
50 126 
22 42 50 99 
22 42 50 99 
22 42 50 99 
22 42 50 99 
42 50 
42 50 
4 50 109 126 
4 50 82 
4 50 82 109 
22 42 50 99 
4 50 82 
22 42 50 99 
22 42 50 99 
4 50 82 109 126 
22 50 
22 50 
4 50 
22 42 50 99 
22 42 50 99 
50 109 
4 50 82 109 126 
50 126 
22 42 50 99 
50 82 
22 42 50 
42 50 
22 42 50 
22 42 50 
22 42 50 
4 50 82 109 126 
22 42 50 
22 42 50 
4 50 82 109 126 
22 42 50 
50 126 
22 42 50 
50 126 
22 42 50 
50 109 126 
22 42 50 
4 50 82 109 126 
50 126 
22 42 50 
22 50 
1 50 88 110 
22 42 50 
49 50 
22 42 50 
49 50 
50 126 
22 42 50 
22 42 50 
18 50 88 124 142 
22 42 50 
42 50 
42 50 
22 42 50 
22 42 50 
22 42 50 
50 126 
50 109 126 
4 50 
22 42 50 
22 42 50 
22 42 50 
50 126 
42 50 
42 50 
50 126 
50 109 
50 109 
50 109 
22 42 50 
22 42 50 
42 50 
22 42 50 
50 109 
50 109 126 
22 42 50 
50 109 
22 42 50 
4 50 82 109 126 
4 50 82 109 126 
50 126 
22 42 50 
4 50 82 109 126 
4 50 82 
50 109 
4 50 82 109 126 
50 109 
22 42 50 
22 42 50 
4 50 82 109 126 
42 50 
22 42 50 
22 42 50 
50 109 
22 42 50 
22 42 50 
18 50 124 142 
22 42 50 
4 50 
42 50 
22 42 50 
42 50 
22 42 50 
4 50 82 109 126 
50 109 126 
50 126 
22 50 126 
4 50 82 109 126 
22 42 50 
22 42 50 
50 126 
22 42 50 
4 50 82 109 126 
42 50 
42 50 
50 109 
50 126 
50 56 
50 56 
22 42 50 
22 42 50 
4 50 82 109 126 
50 109 126 
50 109 126 
22 42 50 
50 126 
50 109 
4 50 82 109 126 
4 50 82 
4 50 109 
22 42 50 
22 42 50 
50 56 141 
4 50 82 109 126 
22 42 50 
22 50 
50 126 
50 126 
22 42 50 
22 42 50 
50 126 
22 42 50 126 
50 56 141 
22 42 50 
50 56 141 
22 42 50 
22 42 50 
22 42 50 
4 50 82 109 126 
22 42 50 
42 50 
50 82 
22 42 50 
42 50 
4 50 82 109 126 
42 50 
22 42 50 
22 42 50 
4 50 82 
50 56 141 
22 42 50 
42 50 
42 50 
4 50 82 109 126 
22 42 50 
50 56 141 
22 42 50 
22 42 50 
4 50 82 109 126 
50 126 
22 42 50 
22 42 50 
50 56 141 
4 50 
22 42 50 
22 42 50 
1 50 67 90 
42 50 126 
22 42 50 
50 56 141 
50 56 141 
4 50 82 109 126 
50 56 141 
22 42 50 
42 50 126 
42 50 
42 50 
4 50 82 109 126 
4 50 82 
4 50 82 109 126 
42 50 126 
22 42 50 
4 50 
50 109 
50 109 
22 42 50 
42 50 
50 109 
42 50 
42 50 126 
4 50 
4 50 
50 56 141 
50 126 
22 42 50 
22 42 50 
50 56 141 
50 56 141 
50 109 126 
22 42 50 
42 50 
50 82 
4 50 82 109 126 
50 109 126 
50 109 
4 50 82 
50 109 
4 50 82 109 126 
50 126 
22 42 50 
4 50 
22 42 50 
50 126 
22 42 50 
22 42 50 
22 42 50 
42 50 
42 50 
22 42 50 
50 99 126 
4 50 
50 126 
50 56 141 
4 50 82 109 126 
50 109 
50 109 
22 42 50 
50 126 
50 109 
22 42 50 
50 126 
4 50 82 109 126 
50 56 141 
50 56 141 
42 50 
50 56 141 
42 50 
42 50 
42 50 
42 50 
4 50 82 
42 50 
42 50 
42 50 
42 50 
42 50 
50 103 
50 56 141 
50 126 
42 50 
42 50 
4 50 82 109 126 
50 126 
4 50 82 109 126 
4 50 82 
42 50 
42 50 
42 50 
50 56 141 
42 50 
42 50 
42 50 
42 50 
42 50 
42 50 
42 50 
50 56 
50 82 
50 109 
50 126 
42 50 
42 50 
50 126 
50 126 
4 50 82 109 126 
50 109 
42 50 
50 82 
50 82 
4 50 82 109 126 
50 126 
50 137 
4 50 82 
42 50 
42 50 
50 109 
42 50 
42 50 
42 50 
50 126 
42 50 
4 50 82 109 126 
42 50 
1 50 90 
4 50 82 109 126 
42 50 
4 50 82 109 126 
42 50 
22 50 126 
42 50 
50 126 
22 50 126 
50 126 
42 50 
42 50 
42 50 
42 50 
22 50 126 
4 50 82 109 126 
50 126 
42 50 
42 50 
4 50 82 109 126 
50 109 
50 68 
4 50 82 109 126 
4 50 82 
4 50 
4 50 82 109 126 
50 109 
50 137 
50 109 
42 50 
50 82 
42 50 
42 50 
50 141 
50 
42 50 
4 50 82 109 126 
42 50 
42 50 
50 82 
22 50 126 
42 50 
50 109 
4 50 82 109 126 
42 50 
4 50 82 109 126 
4 50 82 109 126 
50 99 
42 50 
50 126 
42 50 
42 50 
50 126 
50 126 
42 50 
42 50 
50 109 126 
42 50 
4 50 82 
22 50 
50 126 
42 50 
50 109 
50 109 
1 50 
50 82 
50 82 
1 50 90 
42 50 
50 56 
1 50 90 
42 50 
1 50 56 
50 109 
50 82 
1 50 90 
42 50 
1 50 90 
42 50 
1 50 90 
42 50 
1 50 90 
50 109 
4 50 82 109 126 
42 50 
4 50 82 109 126 
50 126 
4 50 
42 50 
42 50 
1 50 90 
42 50 
42 50 
42 50 
1 50 90 
50 82 
4 50 82 109 126 
42 50 
42 50 
50 126 
42 50 
42 50 
42 50 
42 50 
50 126 
50 126 
50 126 
42 50 
42 50 
50 109 126 
42 50 
50 126 
42 50 
50 82 
42 50 
50 126 
42 50 
50 137 
50 109 
50 137 
4 42 50 82 109 126 
42 50 
42 50 126 
42 50 
50 141 
42 50 
42 50 
42 50 
42 50 
42 50 
4 42 50 82 109 126 
42 50 
1 50 90 
42 50 
42 50 
4 50 82 109 126 
42 50 
1 50 90 
42 50 
42 50 
42 50 
1 50 90 
4 42 50 82 109 126 
42 50 
42 50 
42 50 
42 50 
42 50 
4 50 82 109 126 
42 50 
50 126 
42 50 
42 50 
4 50 
4 42 50 82 
50 109 
4 50 
4 50 82 109 126 
50 126 
1 50 90 
4 42 50 82 109 
4 42 50 82 109 
1 50 90 
50 82 
1 50 90 
50 82 
50 82 
50 82 
50 82 
4 42 50 82 
4 42 50 82 109 
50 82 
50 82 
42 50 
50 109 
50 82 
50 82 
42 50 
42 50 
42 50 
42 50 
42 50 85 
50 82 
42 50 
50 82 
1 50 90 
1 50 90 
50 82 
1 50 90 
50 82 
1 50 90 
50 99 
50 82 
50 82 
50 82 
50 82 
4 50 82 
42 50 109 
1 50 90 
4 42 50 82 
50 82 
51 134 
51 134 
51 134 
51 111 
51 111 
51 56 
2 51 
51 56 
51 132 
14 51 
10 51 
51 
38 51 52 
51 119 
51 56 
51 56 
38 51 
51 134 
51 
31 51 
2 51 
2 51 
51 113 
51 
2 51 
10 51 
51 134 
51 134 
51 134 
20 51 
51 
51 88 
1 51 
51 113 
51 
51 134 
51 59 
7 51 
38 51 
51 
51 
51 
51 
51 134 
10 51 
51 58 110 
51 58 
20 51 
51 56 
51 88 
51 88 
51 110 
51 113 
51 
51 134 
38 51 
51 
51 58 
51 132 
51 58 
51 110 
51 110 
51 
51 133 
51 132 
51 110 
51 58 
51 110 
51 58 
51 52 
51 52 
51 119 
51 113 
51 113 
51 133 
51 
51 110 
51 56 
51 112 
51 106 112 
51 134 
51 88 
10 51 
10 51 
10 51 
51 110 
51 
51 
51 
51 
51 
51 58 
51 133 
51 56 
51 56 
51 110 
51 58 
20 51 
51 56 134 
51 
51 106 
20 51 
51 
51 58 
10 51 
51 110 
51 134 
7 51 
51 113 
51 58 
7 51 
51 97 
10 51 110 
51 
1 51 56 123 
7 51 
51 132 
51 58 
51 110 
51 
51 110 
51 110 134 
51 110 
51 110 
51 
51 134 
51 134 
51 
51 110 
51 134 
51 110 
51 141 
51 141 
51 
51 
51 132 
51 
51 
51 132 
47 51 71 
47 51 71 
51 132 
51 132 
51 56 134 
51 56 134 
52 111 
52 59 113 
52 111 
52 111 
52 119 
52 111 119 
52 111 
52 111 
52 113 
52 111 
20 52 
52 111 
52 111 
52 111 
52 111 
52 110 
21 52 
52 111 
52 119 
52 111 119 
17 52 
52 111 
52 111 119 
14 52 
52 111 119 
52 111 
52 111 119 
52 111 119 
52 111 
52 119 
17 39 52 
17 52 
52 111 
17 52 
52 
17 52 
17 52 
52 119 
52 
52 111 
47 52 
17 52 
52 111 
17 52 
52 134 
17 52 
52 111 
52 72 
17 52 
17 52 
52 134 
17 52 
52 119 
39 52 119 
52 119 
52 111 
17 20 39 52 58 111 119 134 
38 52 
52 111 
10 52 
52 119 
17 39 52 111 119 
17 52 
17 52 
52 111 
52 111 
52 113 
20 52 
17 52 
17 52 
39 52 
52 111 119 
17 39 52 
52 59 
52 103 
52 59 
52 134 
20 52 58 
52 111 
17 52 
52 59 
52 111 
52 111 
52 111 
17 52 
52 111 
0 17 52 111 119 
17 52 
52 59 
52 59 
52 59 
52 59 
0 3 17 39 52 111 119 
13 52 
17 52 
17 52 
17 52 
52 111 
17 52 
17 52 
17 52 
17 52 
14 52 
14 52 
14 52 
52 119 
52 111 
52 111 119 
17 52 
0 3 10 20 36 38 39 52 58 59 113 119 134 
0 38 52 80 119 
52 59 
17 52 
17 52 111 119 
17 52 
17 52 111 119 
52 
17 52 111 119 
52 59 
17 52 
52 59 
14 52 119 
52 119 
52 111 
52 110 
17 52 111 119 
52 111 
52 119 
17 52 
14 52 
17 52 
17 52 
52 119 
52 119 
17 52 
17 52 
17 52 
17 52 
14 52 
52 111 
52 111 
21 52 
52 59 
10 52 59 113 
52 72 
52 
17 52 
52 113 
17 52 
14 52 
52 59 
17 52 111 119 
52 111 
41 52 
52 72 
52 58 
52 103 
52 103 
52 119 
17 52 119 
17 52 
52 127 
52 111 
52 111 119 
17 52 
52 111 
52 111 
13 52 
21 52 111 
52 119 
52 113 
52 59 113 
52 111 
21 52 59 113 134 
52 58 113 
52 134 
52 111 119 
52 59 
17 52 
17 52 
52 111 
52 111 
52 111 119 
52 119 
52 119 
17 52 111 119 
52 119 
52 119 
17 52 111 119 
52 111 
52 111 
52 111 
17 52 
52 111 
17 52 
17 52 
17 52 
38 52 56 58 59 103 113 134 
38 52 56 58 59 103 113 134 
17 52 
17 52 
53 110 
53 110 
53 110 
53 70 
1 53 
53 56 
53 56 
53 56 
43 53 
5 53 
5 53 
36 53 57 
53 70 
53 126 
53 73 
53 73 
54 75 
54 75 
54 75 
54 75 
54 75 
54 75 
36 54 
36 54 
54 75 
36 54 
36 54 
54 75 
54 75 
36 54 
54 75 
54 75 
54 75 
54 75 
54 75 
36 54 
54 96 
54 75 
54 75 
26 36 46 54 
54 75 
46 54 
12 25 55 
55 89 
33 55 
33 55 
33 55 
6 55 
1 2 18 36 56 80 124 130 136 141 142 
56 72 
56 
56 58 
13 56 
7 56 
56 130 
56 
56 58 
56 58 
1 2 18 36 56 80 124 130 136 141 142 
18 56 
56 58 
56 
56 130 
56 58 
56 58 
56 58 
56 58 
56 58 
56 130 
56 122 
56 58 
56 58 
56 134 
20 56 58 71 72 
56 58 
7 56 
56 58 
13 56 
56 58 
56 
56 130 
56 58 
56 58 
56 58 
56 58 
56 58 
56 58 
56 
56 58 
56 111 
56 141 
56 58 
56 141 
56 58 
56 58 
56 
56 58 
56 
56 134 
56 58 
56 58 
56 58 
56 58 
56 141 
1 56 
56 58 
56 130 
56 130 
56 130 
56 58 134 
10 56 
56 
56 58 
56 134 
56 58 
56 58 
56 58 
56 
56 111 
56 58 
56 58 
56 59 
56 58 
56 58 
56 
56 58 
56 58 
36 56 
7 56 
7 56 
56 58 
56 58 
7 56 
1 2 7 10 18 36 56 80 124 130 
56 58 
56 122 
56 58 
56 134 
7 56 
56 122 
56 
56 99 
56 
56 58 134 
56 
1 36 56 80 130 142 
42 56 
10 56 
13 56 58 
7 56 
10 56 
7 10 56 58 141 
1 7 10 36 56 80 130 142 
7 10 56 58 141 
56 99 
56 99 
56 99 
10 56 141 
7 56 
56 58 
36 56 
7 56 
1 7 10 36 56 80 130 142 
7 56 
7 56 
56 58 
7 56 
56 99 
56 99 
7 56 
7 56 
7 10 56 58 
56 58 
7 10 56 58 
56 58 
7 56 
2 56 
56 58 
7 10 56 58 
56 58 
56 58 
1 7 10 36 56 80 130 142 
56 
56 58 
56 58 134 
56 58 
56 58 
56 58 
56 58 
56 58 
56 58 
56 58 
56 
56 58 
56 58 134 
56 58 
56 58 
56 134 
56 58 134 
56 58 134 
56 58 
56 134 
56 58 
56 58 
56 58 
56 58 134 
56 58 134 
56 134 
56 119 
56 58 134 
56 58 
56 134 
56 58 
56 134 
56 58 134 
7 36 56 58 80 130 134 142 
56 58 134 
56 99 
56 134 
56 58 
56 58 
56 134 
7 56 
7 56 
56 134 
56 134 
42 50 56 99 
57 
16 57 
57 60 92 
36 57 60 
57 60 
57 115 
57 123 
36 46 57 60 92 107 
57 117 
57 131 
57 131 
36 57 
16 57 
36 57 60 92 102 
16 57 
16 57 
36 57 
36 57 
36 57 
5 57 
57 115 122 
16 57 
57 92 
58 74 
58 134 
58 110 
58 74 
58 74 
58 
56 58 
20 58 
58 88 
20 58 88 
20 58 
58 110 
20 58 
20 58 
10 58 
58 74 
38 58 
58 88 
20 58 
58 74 
58 142 
58 130 
20 58 
20 58 88 
20 58 
20 58 
58 110 
10 20 58 
20 58 
10 58 
10 58 
20 58 
10 58 
20 58 
58 88 
20 58 
0 1 18 58 69 80 88 110 112 123 142 
20 58 
20 58 
10 58 
51 58 
20 58 
10 58 
10 58 
25 58 
58 111 
20 58 110 
20 58 88 
0 7 20 58 88 110 112 
58 123 
58 110 
20 58 
10 58 
58 88 
10 58 
58 110 
20 58 
58 88 
58 134 
10 58 
10 58 
10 58 
10 58 
58 106 
20 58 
58 134 
58 110 
58 112 
38 58 
58 88 
20 58 
58 80 
20 58 
58 90 
10 52 58 113 
1 58 
20 58 
10 58 
51 58 
0 58 
58 110 
0 58 
58 123 
20 58 
58 141 
10 58 
10 58 
56 58 
36 58 
58 88 
10 58 
1 58 
20 58 
58 88 
58 134 
10 58 
1 58 
58 119 
58 110 
58 142 
1 58 
20 58 
0 1 7 58 80 88 112 
58 88 
58 119 
58 88 
20 58 
20 58 
0 58 
58 88 
0 58 
58 88 
58 80 
58 80 
20 58 
58 141 
20 58 
58 74 
1 58 
58 74 
1 58 
1 58 
1 58 
58 130 
58 88 
58 88 
1 58 
1 58 
1 58 
58 130 
1 58 
0 1 7 8 12 18 36 46 58 69 74 80 88 106 122 123 
20 58 
58 59 
58 141 
58 59 
58 141 
58 130 
58 134 
58 111 
58 141 
58 88 
58 
1 58 
58 134 
58 111 
58 141 
58 88 
58 
1 58 
1 58 
1 58 
1 58 
1 58 
1 58 
1 58 
10 58 
10 58 
1 58 
20 58 
51 58 
1 58 
51 58 
58 88 
20 58 88 134 
58 88 
58 88 134 
58 141 
20 58 
58 141 
58 141 
58 141 
20 58 
10 58 
10 58 
20 58 134 
1 58 
58 88 
38 58 
1 58 
58 134 
1 58 
58 88 
38 58 
1 58 
58 112 
58 112 
20 58 
20 58 
38 58 
20 38 58 
10 58 
38 58 
38 58 
10 58 
1 58 
1 58 
1 58 
1 58 
1 58 
1 58 
10 58 
10 58 
1 58 
58 88 
58 88 
1 58 
58 88 
58 88 
10 58 
58 134 
10 58 
58 134 
58 134 
58 134 
1 58 
1 58 
1 58 
1 58 
1 58 
20 58 
20 58 
1 58 
25 58 
25 58 
25 58 
58 134 
25 58 
58 134 
1 58 
1 58 
1 58 
10 58 
10 58 
20 58 
58 88 
1 58 
58 88 
58 88 
1 58 
58 88 
58 106 
58 106 
0 58 
0 58 
20 58 
1 58 
1 58 
1 58 
47 58 
47 58 
36 58 80 
58 134 
58 134 
58 130 
47 58 
1 58 
58 111 
58 74 
58 134 
58 124 
1 58 
58 59 
56 58 
10 58 
58 134 
1 2 6 7 10 18 20 21 33 36 41 47 54 56 58 59 60 71 72 75 80 86 90 92 93 96 97 102 115 121 124 130 134 136 139 141 142 
7 59 111 
7 10 20 21 41 47 56 58 59 71 72 111 134 
13 59 
0 60 
60 93 
60 93 
60 93 
0 26 36 57 60 92 117 127 
60 93 
5 60 
60 93 
0 60 
60 92 
5 60 
60 65 
3 60 93 
5 60 65 
5 26 57 60 92 
60 66 92 
5 60 
60 66 
5 60 
60 93 
60 92 
60 66 
60 66 
5 60 
5 60 
60 65 
60 65 
5 60 
60 65 
60 65 
60 92 
5 60 
60 65 
60 92 
60 65 
60 
5 57 60 65 92 
60 65 
5 60 
5 60 
57 60 66 
57 60 66 92 
5 60 65 
60 65 
60 66 
60 66 
5 60 
5 60 
36 60 
5 60 
60 65 
60 92 
36 60 
57 60 
5 60 
60 93 
5 57 60 92 
60 92 
5 60 
60 93 
60 92 
5 26 57 60 66 92 117 
5 60 
5 60 
3 60 
0 60 
5 60 
5 60 
60 92 
60 66 
60 66 
60 92 
5 57 60 65 66 92 
60 92 
60 93 
60 93 
60 93 
60 
60 93 
5 60 65 66 92 
36 60 
60 139 
57 60 
57 60 
5 57 60 65 92 
5 60 107 
5 60 
60 92 
5 60 
60 92 
60 
5 60 
60 93 
5 60 
5 60 
5 60 
5 60 
5 57 60 66 92 107 
5 60 66 
0 60 
60 65 
57 60 66 92 107 
36 60 
0 36 60 
60 92 
26 60 
60 66 
60 65 
60 65 
60 
5 60 
5 60 
5 60 107 
5 60 
5 60 107 
60 92 
60 92 
5 60 107 
60 93 
60 93 
5 60 
60 92 
0 26 36 46 57 60 66 102 117 127 
60 115 
60 66 
5 60 107 
5 60 107 
5 60 107 
5 60 
60 66 
60 66 
5 60 
0 5 26 36 46 57 60 102 107 115 117 127 
5 60 
60 92 
60 65 
60 92 
60 117 
60 92 117 
5 60 
36 60 
36 60 
60 66 
36 60 
60 65 
60 92 
60 66 
5 60 
5 60 66 92 
36 60 
36 60 
60 117 
5 60 
5 60 
60 92 
60 107 
60 92 
60 107 
60 115 
60 115 
5 57 60 66 92 107 
5 57 60 66 92 107 
5 60 
5 60 
60 92 
5 60 
5 60 
60 92 
60 92 
60 92 
60 107 
60 107 
60 107 
60 107 
60 92 
60 92 
26 60 
36 60 
26 60 
36 60 
36 60 
60 
36 60 
60 
60 
57 60 
5 60 
5 60 
5 60 92 
25 60 
36 60 
25 60 
60 79 
36 60 
5 60 
36 60 
36 60 
36 60 
5 60 
5 60 
5 60 
5 60 
54 60 
54 60 
5 60 
5 60 
36 60 
5 60 
57 60 
60 139 
60 139 
5 60 
60 61 
61 112 
48 63 
48 63 
48 63 
24 63 
40 48 63 
14 63 
48 63 
48 63 
48 63 
48 63 
48 63 
48 63 
63 
63 107 
24 40 48 63 
63 132 
48 63 
24 63 
48 63 
48 63 
24 63 
48 63 
24 40 48 63 
40 63 
48 63 
48 63 
48 63 
48 63 
48 63 
24 40 48 63 
40 63 
24 40 48 63 
24 40 48 63 
24 40 63 132 140 
14 40 63 
14 63 
14 40 63 
40 63 132 140 
24 40 63 132 140 
63 132 
31 63 
24 40 63 132 140 
24 63 132 
24 40 63 132 140 
63 132 
24 40 63 132 140 
17 63 
24 40 63 132 140 
24 40 63 132 140 
24 40 63 132 140 
63 64 91 
63 132 140 
24 40 63 132 140 
63 140 
24 40 63 132 140 
63 105 
24 40 63 132 140 
63 
24 40 63 132 140 
24 40 63 132 140 
63 71 
24 40 63 132 140 
48 63 
63 91 
24 40 63 132 140 
63 132 
63 64 91 132 140 
24 40 63 132 140 
63 105 
63 140 
24 40 63 132 140 
63 105 
14 63 
40 64 
14 64 
29 64 
11 64 132 
14 64 
31 64 91 132 
40 64 91 
14 64 
14 64 
64 132 
40 63 64 91 132 
63 64 91 
31 64 132 
24 31 64 140 
64 91 
24 31 64 140 
14 64 
24 40 64 91 105 132 
64 91 
54 65 
65 122 
65 122 
54 65 
5 60 65 
5 65 
5 65 
5 65 
65 122 
65 122 
5 65 
65 122 
5 65 
54 65 
65 122 
60 65 
61 65 
54 65 
54 65 
5 65 
34 65 
34 65 
5 65 
5 65 
34 65 
5 65 
54 65 
61 65 
54 65 
5 65 
5 65 
34 54 65 139 
34 65 
5 65 
5 60 65 
5 65 
5 60 65 
34 54 65 
54 65 
5 65 
34 65 139 
34 65 139 
65 96 
34 65 
54 65 
34 65 
34 65 
34 65 
54 65 
65 98 122 137 
60 65 
5 65 
54 65 
65 102 
34 54 65 
54 65 
5 65 
5 60 65 
60 65 
60 65 
5 65 
5 65 
5 65 
34 54 65 
34 54 65 
34 65 139 
65 139 
34 65 139 
54 65 
65 139 
5 16 54 60 65 75 139 
65 
5 57 60 65 75 127 139 
5 60 65 139 
34 65 
5 57 60 65 75 127 139 
5 65 
5 60 65 
65 78 
34 65 
5 57 60 65 75 127 139 
5 60 65 
34 65 
65 139 
5 34 60 65 
34 65 
1 67 
67 70 
1 67 
35 67 
68 103 
68 103 
68 103 
68 103 
68 103 
68 103 
68 103 
68 109 
68 109 
68 
68 109 
68 
38 68 
68 82 
38 68 
13 68 
68 99 
68 103 
68 103 
68 126 
68 126 
13 68 
68 103 
68 
38 68 
68 99 
68 99 
68 103 
68 
50 68 
68 119 
68 
68 
68 138 
68 138 
68 138 
68 
68 138 
68 138 
22 68 99 
68 99 
68 138 
68 138 
68 138 
68 138 
68 99 
68 138 
68 138 
68 
68 138 
68 138 
68 138 
68 
68 99 
68 99 
68 99 
68 99 
22 68 
22 68 
68 99 
68 
68 99 
68 138 
68 85 
68 138 
68 99 
68 
68 99 
68 99 
68 99 
68 99 
68 99 
68 99 
68 99 
68 99 
68 
68 85 
68 81 
29 68 
68 99 
58 69 
58 69 
69 
69 
69 
69 
69 
69 
69 
53 70 
7 70 75 107 
70 123 
0 1 7 53 56 58 70 80 107 112 
1 35 67 70 
36 70 
35 70 
67 70 
67 70 
35 70 
35 70 
70 141 
35 67 70 141 
70 90 
40 71 
41 71 
40 41 71 
29 40 71 
29 40 71 
47 71 
47 71 
47 71 
47 71 
47 71 
40 71 
41 71 
14 71 
14 71 
41 71 
41 71 
29 40 71 
14 71 
47 71 
14 71 
41 71 
41 71 
47 71 
47 71 
47 71 
29 71 
29 47 71 
47 71 
47 71 
41 71 
41 71 
59 71 
41 71 
29 71 
41 71 
41 71 
40 71 
40 71 
41 71 
40 71 
2 56 72 
72 134 
2 56 72 134 
72 134 
2 56 72 
72 134 
72 134 
56 72 
72 134 
56 72 
72 134 
56 72 
56 72 
56 72 
72 110 
56 72 
72 110 
72 110 
7 72 
20 72 110 
72 110 
72 110 
72 110 
72 110 
72 110 
72 110 
72 141 
72 110 
72 110 
72 110 
7 72 
72 110 
72 110 
72 110 
72 110 
72 110 
72 110 
72 110 
38 72 
72 110 
72 110 
72 110 
56 72 
20 58 72 
72 110 
7 51 72 110 
72 110 
72 110 
72 110 
72 110 
72 
72 113 
20 56 58 72 110 134 
10 52 72 
52 72 
72 110 
72 110 
72 110 
72 110 
72 110 
72 110 
72 110 
72 110 
72 110 
72 110 
72 110 
72 110 
72 110 
72 110 
72 110 
72 134 
72 110 
72 110 
72 110 
72 110 
72 110 
71 72 
72 110 
72 110 
72 110 
72 110 
72 
72 110 
56 72 
56 72 
52 72 
52 72 
59 72 
72 113 
20 47 72 
56 72 
72 110 
58 72 
59 72 
72 110 
59 72 
72 110 
72 110 
56 72 
72 
72 110 
72 110 
10 72 
72 110 
72 110 
70 73 
1 74 
58 74 
16 74 
74 80 
25 74 
74 142 
74 80 
67 74 
54 74 
54 74 
58 74 
58 74 
54 74 
54 74 
58 74 
58 74 
58 74 
58 74 
74 86 
58 74 
58 74 
58 74 
58 74 
74 86 
73 74 
58 74 
74 80 
58 74 
58 74 
58 74 
58 74 
25 74 
58 74 
1 8 35 46 58 67 73 74 80 86 122 130 
58 74 
74 86 
73 74 
58 74 
45 73 74 80 94 
74 80 
58 74 
58 74 
74 80 
74 80 
25 74 
74 80 
74 129 
74 129 
74 129 
75 90 
75 90 
75 107 
75 107 
75 90 
75 90 
35 75 
75 90 
75 90 
75 90 
75 90 
75 90 
75 90 
54 75 
54 75 
75 107 
54 75 
75 90 
34 54 65 75 
35 75 
1 75 
1 75 
1 75 
1 75 
75 90 
75 107 
1 75 
1 75 
1 75 
75 107 
54 75 
1 67 75 
35 75 
35 75 
75 90 
35 75 
75 90 
54 75 
35 75 90 
35 75 
1 35 67 70 75 90 
54 75 
1 35 67 70 75 90 
1 35 67 70 75 90 
35 75 
54 75 
1 35 67 70 75 90 
54 75 
1 35 67 70 75 90 
54 75 
75 141 
1 35 67 70 75 90 
54 75 
1 35 67 70 75 90 
1 35 67 70 75 90 
54 75 
1 35 67 70 75 90 
1 35 67 70 75 90 
1 35 67 70 75 90 
1 35 67 70 75 90 
1 35 67 70 75 90 
1 35 67 70 75 90 
1 35 67 70 75 90 
1 35 67 70 75 90 
35 75 
1 35 67 70 75 90 
54 75 
1 75 
1 35 67 70 75 90 
1 35 67 70 75 90 
1 35 67 70 75 90 
1 35 67 70 75 90 
54 75 
75 141 
76 114 
77 114 
77 138 
77 138 
77 138 
78 112 
78 98 
78 137 
78 126 
78 
23 78 
78 98 
78 98 
78 112 
78 112 
78 
49 78 
78 98 
65 78 
65 78 
9 80 
9 80 
73 80 
32 80 
80 110 
0 69 80 112 
56 80 
80 112 123 
0 80 
73 80 
58 80 
0 9 36 61 69 73 80 112 123 
61 80 112 
1 58 67 80 
53 80 
0 1 36 53 61 67 73 80 112 123 
58 80 
0 36 61 80 112 123 
0 1 9 53 67 69 70 73 80 106 112 123 
9 32 43 73 80 84 94 129 
9 80 
80 133 
0 1 9 53 67 69 70 73 80 106 112 123 
0 1 69 80 106 112 123 
80 85 
80 85 
80 85 
0 1 9 36 69 73 80 106 112 123 
0 80 
0 80 
32 80 129 
0 1 9 36 53 67 69 70 73 80 112 123 
80 84 94 
9 53 80 
9 53 73 80 
53 80 
9 43 80 94 
9 43 73 80 94 
80 112 
43 80 84 94 
80 106 
20 58 80 
0 36 80 
32 80 
20 80 
61 80 112 
0 1 9 36 53 58 61 69 73 80 106 112 
0 80 
35 80 
80 112 
0 80 
45 80 
54 80 
54 80 
32 80 
80 94 
53 73 80 94 129 
73 80 
58 80 
80 84 94 
53 73 80 94 129 
80 94 
9 53 73 80 
45 80 
80 112 
80 112 
0 80 
80 112 
61 80 
9 32 43 45 53 73 80 84 86 94 129 
80 112 
61 80 
9 32 43 45 53 73 80 84 86 94 129 
69 80 
69 80 
61 80 112 
61 80 112 
58 80 
58 80 
54 80 
54 80 
43 80 
43 80 
58 80 
36 80 
36 80 
74 80 
36 80 
45 80 
45 80 
58 80 
36 80 
74 80 
74 80 
56 80 
32 80 
80 94 
74 80 94 129 
36 80 
74 80 
7 80 
80 94 
74 80 94 129 
74 80 94 129 
36 80 
74 80 
74 80 94 
74 80 
81 107 
81 
81 107 
81 107 
81 107 
81 107 
81 107 
81 107 
81 107 
81 107 
29 81 
29 81 
29 81 
29 81 
29 81 
29 81 
81 106 
49 81 
49 81 
49 81 
64 81 
45 81 
81 
81 106 
81 107 
29 81 107 
81 107 
81 107 
81 107 
81 107 
81 106 
81 106 
81 106 
81 107 
81 107 
81 136 
81 107 
45 81 
81 107 
81 103 
81 103 
81 136 
81 136 
81 107 
81 107 
81 107 
81 106 
81 103 
81 136 
81 107 
66 81 118 
66 81 
66 81 
81 136 
66 81 136 
66 81 136 
66 81 136 
81 136 
81 136 
81 136 
81 136 
81 126 
81 136 
81 136 
81 126 
81 126 
81 126 
81 126 
32 81 
32 81 
32 81 
81 136 
81 136 
81 136 
66 81 
81 136 
49 81 
81 136 
81 136 
81 136 
81 
81 136 
64 81 
49 81 
81 136 
81 136 
81 85 
50 81 
81 85 
81 136 
81 136 
81 136 
81 136 
81 136 
81 136 
45 81 
81 136 
81 136 
81 136 
81 136 
81 85 
81 136 
81 118 136 
81 136 
81 136 
81 136 
66 81 
81 136 
66 81 136 
81 130 136 
45 81 
81 85 
81 85 
81 85 
66 81 136 
81 136 
81 85 
81 90 
81 130 
81 85 
81 130 
81 130 
45 81 
81 130 
81 118 136 
81 118 136 
81 118 136 
81 130 
81 130 
81 130 
81 130 
81 85 
81 130 
81 130 
81 130 
81 130 
81 130 
81 130 
81 130 
81 130 
81 85 
81 130 
81 130 
81 136 
66 81 
66 81 
81 130 
81 137 
81 136 
81 85 
66 81 
81 136 
66 81 
81 85 
81 85 
81 130 
81 130 
81 130 
81 130 
81 130 
81 130 
81 136 
81 136 
81 85 
81 131 
81 131 
81 131 
66 81 136 
81 136 
81 131 
81 99 126 
66 81 136 
81 130 131 
81 131 
81 130 
81 130 
66 81 
66 81 136 
81 131 
81 130 
66 81 136 
81 130 
81 130 
81 136 
66 81 136 
81 130 
81 136 
66 81 136 
81 85 
81 85 
81 130 131 
81 85 
81 130 
81 130 
81 130 131 
81 85 
81 130 
81 130 
81 130 131 
81 136 
81 130 131 
81 136 
81 131 
81 130 
81 130 
81 131 
81 130 
81 130 
81 85 
81 130 
81 85 
81 130 
81 131 
81 
66 81 
81 130 
81 136 
81 136 
66 81 
81 136 
81 85 
81 85 
81 130 
81 130 
81 130 
81 130 
81 130 
81 85 
66 81 
81 85 
66 81 
81 
81 85 
81 85 
81 85 
81 136 
81 136 
81 136 
81 136 
81 130 
81 136 
81 136 
81 136 
81 85 
81 136 
81 136 
81 136 
81 136 
81 136 
81 130 136 
81 85 
81 130 
81 85 
81 136 
81 85 
81 85 
81 136 
81 85 
81 85 
81 136 
81 85 
81 130 
81 109 
81 130 
81 82 
5 83 
5 83 
49 83 
5 83 
5 83 
5 83 
81 83 
5 83 
81 83 
68 83 
32 83 
32 83 
32 83 
32 83 
32 83 
32 83 
22 84 
22 84 
22 84 
32 84 
4 85 
22 85 
22 85 
22 85 
22 85 
22 49 85 
22 49 85 
85 98 
85 98 
85 98 
85 98 
42 85 
85 98 
85 98 
85 
22 85 
85 
85 
22 85 
22 49 85 
22 85 
22 85 
85 98 
22 85 
22 85 
22 85 
85 98 
4 22 85 
22 49 85 
22 85 
49 85 
22 49 85 
85 98 
22 85 
22 85 
22 49 85 
73 85 
49 85 
22 85 
22 49 85 
81 85 
85 
49 85 
22 49 85 
22 49 85 
22 85 
22 85 
85 136 
81 85 
81 85 136 
85 136 
22 85 
22 85 
22 85 
73 85 
22 85 
85 136 
80 85 
49 85 
22 49 85 
22 49 85 
80 85 
85 136 
22 85 
85 136 
85 136 
80 85 
49 85 
22 49 85 
22 85 
85 
85 
49 85 
22 85 
49 85 
22 49 85 
85 
22 49 85 
49 85 
22 85 
85 
49 85 
49 85 
22 85 
22 85 
49 85 
81 85 
85 
49 85 
85 137 
49 85 
49 85 
49 85 
22 85 
22 85 
49 85 
22 85 
85 137 
49 85 
49 85 
49 85 
49 85 
85 137 
85 137 
49 85 
49 85 
49 85 
49 85 
85 137 
49 85 
85 137 
22 85 
49 85 
85 137 
85 137 
49 85 
85 137 
49 85 
22 85 
22 85 137 
22 49 85 
49 85 
49 85 
49 85 
85 137 
66 85 
49 85 
49 85 
66 85 
85 137 
66 85 
49 85 
66 85 
85 137 
22 49 85 
49 85 
22 85 
85 137 
81 85 
22 49 85 
22 85 
22 85 
49 85 
49 85 
85 
22 85 
85 137 
81 85 
49 85 
22 85 
85 131 
85 131 
85 131 
85 131 
85 131 
4 85 
85 131 
85 131 
81 85 
22 49 85 
85 137 
85 131 
85 137 
85 137 
81 85 
22 85 
22 85 
22 85 
81 85 
22 85 
85 131 
85 131 
85 137 
49 85 
85 137 
85 137 
85 137 
22 49 85 
85 137 
22 85 
22 49 85 
49 85 
81 85 
81 85 
22 85 
49 85 131 137 
85 118 136 
49 85 
68 85 
85 118 
49 85 
49 85 
85 118 
81 85 
85 118 
85 118 
85 137 
49 85 
85 137 
85 118 
49 85 
81 85 
68 85 
49 85 
22 85 
22 85 
49 85 
85 131 
82 85 
81 85 
22 85 
22 85 
85 131 
81 85 
81 85 
81 85 
85 
81 85 
81 85 
81 85 
85 136 
81 85 
85 122 
81 85 
4 85 
81 85 136 
81 85 
81 85 
85 118 
85 118 
81 85 
81 85 
85 118 
85 118 
85 118 136 
81 85 
81 85 
81 85 
42 85 
81 85 
85 118 
85 118 
81 85 
81 85 
85 118 
81 85 118 
85 118 
81 85 118 
85 118 
85 118 
81 85 
81 85 
85 136 
81 85 
81 85 
81 85 
81 85 
85 
4 85 
81 85 
81 85 
81 85 
4 85 
81 85 
85 
74 86 
74 86 
74 86 
86 122 
35 86 
35 86 90 
35 86 
3 87 
58 88 
28 88 
56 58 88 
56 58 88 
56 88 
88 123 
33 88 123 
58 88 
2 88 
38 88 99 
58 88 
58 88 
58 88 
56 88 
58 88 
88 135 
88 135 
58 88 
88 141 
88 135 
12 28 88 
88 141 
58 88 
58 88 
88 135 
58 88 
58 88 
33 88 
88 138 
33 88 123 
25 89 
90 
75 90 
75 90 
75 90 
75 90 
75 90 
1 90 
1 90 
1 90 
1 90 
1 90 
1 90 
1 90 
1 90 
1 90 
1 90 
90 141 
35 90 
90 141 
1 90 
1 90 
35 90 
90 
90 122 
90 122 
90 122 
90 122 
1 90 
1 90 
1 90 
1 90 
90 122 
1 90 
1 90 
1 90 
1 90 
1 90 
1 90 
75 90 
1 90 
58 90 
67 90 
91 
91 
91 
29 91 
29 91 
29 91 
29 91 
40 91 132 
91 140 
40 64 91 132 
40 64 91 132 
40 64 91 132 
24 91 
24 40 64 91 132 
24 91 
24 40 64 91 132 
24 40 64 91 132 
24 63 64 91 132 140 
24 40 64 91 132 
64 91 
24 40 64 91 132 
91 132 
63 91 
63 91 132 
64 91 
91 132 
40 63 64 91 132 
91 140 
91 140 
91 140 
63 91 
91 132 
91 
63 91 132 
63 91 132 
41 91 132 
41 91 132 
63 91 132 
92 102 
3 92 
36 92 
36 92 
36 92 
3 92 
36 92 
46 92 
26 92 
26 92 
26 92 
26 92 
92 118 
92 118 
54 92 
36 92 
36 92 
93 142 
74 93 
93 142 
94 95 
80 94 
94 95 
9 94 
94 95 
94 95 
94 95 
94 95 
9 94 
94 95 
9 94 
9 94 
9 32 43 53 73 84 94 129 
94 95 
94 95 
94 95 
94 95 
94 95 
94 95 
94 95 
94 95 
94 95 
94 95 
9 94 
94 95 
94 95 
94 95 
94 95 
94 95 
9 94 
9 94 
9 94 
9 94 
94 95 
9 94 
9 94 
9 94 
9 94 
9 94 
81 94 
17 95 
17 95 
34 54 65 75 90 96 107 
34 96 
54 96 
65 75 90 96 139 
74 96 
34 96 
75 96 107 
75 96 
96 135 
75 96 107 
75 96 
96 107 
96 107 
96 107 
75 96 107 
20 97 
20 97 
20 97 
20 97 
20 97 
20 97 
20 97 
20 97 
47 97 
88 97 
6 97 
89 97 
59 97 
89 97 
18 97 
8 18 97 
8 97 
2 97 
2 97 
2 97 
2 97 
2 97 
2 97 
97 
47 97 
85 98 
85 98 
85 98 
85 98 
98 112 
98 112 
49 98 
49 98 
78 98 
98 112 
16 98 
38 99 
99 126 
88 99 
99 103 
38 99 
88 99 
88 99 
88 99 
38 99 
38 99 103 
99 126 
99 126 
38 99 
38 99 126 
38 99 
38 99 
38 99 
38 99 103 
99 111 
38 99 103 
18 99 
99 103 
38 88 99 103 134 
99 103 
38 99 
38 52 88 99 103 134 
20 38 52 88 99 103 134 
88 99 
20 38 52 88 99 103 134 
38 52 88 99 103 
52 99 111 
99 126 
99 126 
88 99 
99 
88 99 
88 99 
88 99 
88 99 
99 103 
88 99 103 
99 103 
88 99 
20 99 
50 99 
38 99 103 
88 99 142 
38 99 
88 99 
38 99 
88 99 
99 119 
99 135 
99 135 
38 99 
38 99 
99 103 
99 119 
38 99 
38 99 
99 
99 
13 99 
13 99 
38 99 
38 99 
38 99 
38 99 
99 103 
99 119 
38 99 103 
99 103 
68 99 
13 99 
50 99 
50 99 
38 99 
38 99 
38 99 
68 99 
13 99 
13 99 
99 126 
99 126 
99 126 
38 99 
99 103 126 
99 103 
95 99 
95 99 
95 99 
95 99 
99 103 
50 99 
99 103 
50 99 
38 99 
38 99 
38 99 
38 99 
99 
68 99 
68 99 
68 99 
99 
99 
68 99 
68 99 
68 99 
42 99 
42 99 
56 99 
56 99 
68 99 
56 99 
56 99 
33 100 
33 100 
12 100 
30 101 
30 101 108 
30 101 108 
101 108 
101 138 
30 101 108 
101 104 108 
101 108 
30 101 125 138 
101 116 
101 116 
46 79 102 
102 107 
102 107 
36 102 
36 102 
102 107 
36 102 
102 107 
25 102 
102 107 
90 102 
36 102 
36 102 
36 102 
25 102 
57 102 
3 5 26 36 46 57 60 70 75 79 80 90 92 102 115 130 131 139 
72 103 
103 134 
38 103 
38 103 
38 103 
38 103 
38 103 
38 103 
38 52 88 103 111 
103 
38 103 
42 103 
103 
38 103 
99 103 
72 103 
88 99 103 
103 109 
38 103 
38 103 134 
21 103 
103 
56 103 
103 
38 103 
42 103 
38 103 
21 38 103 
38 103 
81 103 
13 103 
52 103 
103 
103 
68 103 
103 
103 
103 
21 103 
20 103 
68 103 
103 
103 
103 
38 103 
38 103 
99 103 
68 103 
21 38 103 
103 
103 
81 103 
103 
21 103 
13 103 
38 103 
38 103 
38 103 
17 39 52 103 111 119 
103 
38 99 103 126 
20 58 103 
103 
103 134 
17 38 39 52 103 111 119 
23 94 103 
17 103 
38 103 
38 103 
13 103 
13 103 
13 103 
38 88 103 
20 103 
99 103 
13 103 
38 103 
39 103 
38 103 
99 103 
17 38 39 103 119 
52 103 
38 52 103 
103 
38 103 
38 103 
13 103 
103 109 
13 103 
13 103 
52 103 
103 119 
38 103 
103 
38 103 
38 103 
38 103 
38 103 
38 103 
38 103 
38 103 
103 
13 103 
52 103 119 
52 103 
13 103 
103 
103 
103 
103 
103 126 
50 103 
13 103 
103 
21 103 
21 38 103 
21 103 
21 38 103 
38 103 
103 
103 
39 103 119 
38 99 103 
103 
103 
103 
68 103 
38 103 
99 103 111 119 
38 99 103 
103 
99 103 126 
21 103 
103 111 119 
13 103 
38 103 
21 103 
38 103 
21 103 
38 103 
38 103 
103 119 
52 103 
17 52 103 111 119 
52 103 
103 
13 103 
99 103 
99 103 
52 103 
52 103 
21 103 
21 103 
21 38 103 
103 119 
21 38 103 
103 119 
38 103 
38 103 
13 103 
104 108 
15 104 
104 108 
104 108 
15 104 
104 108 
15 104 
15 104 
104 125 138 
104 138 
15 104 
104 108 
104 138 
87 104 
15 104 
104 108 
101 104 108 138 
104 108 
104 108 
15 104 
104 108 
104 108 
15 104 
104 108 
104 108 
104 108 
15 104 
104 108 
105 
105 
105 
105 
105 
105 
24 105 
105 
105 
105 
105 
105 
105 
24 40 105 132 
24 105 
24 105 
105 132 
24 40 105 132 
105 132 
31 105 132 
48 105 
31 105 132 
48 105 
48 63 105 
24 105 132 
63 105 
40 105 132 
14 105 
48 105 
105 132 
14 105 
63 105 
14 105 
105 132 
105 132 
14 105 
105 
105 132 
105 132 
64 91 105 132 
14 105 
63 105 
14 24 105 
63 105 132 140 
91 105 
40 105 
63 105 132 140 
105 132 
105 132 
105 140 
106 
106 
106 
106 
106 
106 
106 
106 
106 131 
106 131 
5 69 106 
58 106 
5 83 106 
59 106 
5 106 
106 
5 80 106 
5 106 
106 134 
106 134 
58 106 
29 107 
29 107 
24 107 
48 107 
40 107 
24 107 
17 107 
29 107 
40 107 
29 107 
17 107 
29 107 
24 107 
29 107 
40 107 
24 107 
40 107 
40 48 107 
29 107 
24 107 
24 40 48 107 
24 107 
14 107 
24 107 
24 48 107 
24 48 107 
81 107 
81 107 
102 107 
102 107 
102 107 
5 60 107 
60 107 
5 60 107 
102 107 
40 107 
17 107 
14 107 
29 107 
102 107 
105 107 
102 107 
29 107 
14 107 
40 48 107 
107 
40 48 107 
14 40 48 107 
40 107 
14 107 
102 107 
48 107 
14 40 48 107 
14 40 48 107 
40 107 
14 40 48 107 
29 107 
48 63 107 
14 107 
40 107 
24 40 48 63 107 
14 107 
14 40 107 
63 107 
14 107 
29 107 
90 107 
75 90 107 
102 107 
40 107 
102 107 
102 107 
102 107 
102 107 
24 63 71 107 
102 107 
102 107 
102 107 
81 107 
102 107 
102 107 
102 107 
102 107 
102 107 
102 107 
48 107 
102 107 
102 107 
40 71 107 
24 40 48 63 107 
24 107 
102 107 
102 107 
102 107 
107 
102 107 
102 107 
102 107 
90 107 
17 24 40 48 107 
29 107 
14 107 
14 107 
14 40 107 
102 107 
102 107 
107 
90 107 
102 107 
90 107 
107 
102 107 
90 107 
102 107 
102 107 
102 107 
102 107 
102 107 
90 107 
40 107 
90 107 
102 107 
14 107 
14 107 
29 107 
70 107 
90 107 
102 107 
48 107 
14 107 
102 107 
40 48 63 107 
90 107 
40 107 
29 107 
24 40 48 63 71 107 
29 107 
29 107 
102 107 
24 107 
102 107 
70 107 
40 107 
5 75 107 
36 107 
24 40 107 
70 107 
70 107 
70 107 
70 107 
48 107 
24 40 107 
60 107 
29 107 
14 107 
75 107 
14 40 107 
14 107 
75 107 
102 107 
75 107 
102 107 
63 107 
102 107 
14 107 
107 118 
107 
66 107 
102 107 
107 
57 107 
0 107 
102 107 
107 
108 125 
30 108 
104 108 
15 101 104 108 
15 104 108 
104 108 
30 108 
15 101 104 108 
108 138 
15 108 
108 138 
15 104 108 
108 138 
15 104 108 
15 104 108 
104 108 
109 126 
103 109 
50 109 126 
109 126 
42 109 
42 109 
109 126 
50 109 
42 109 
42 109 
109 126 
109 126 
42 109 
42 109 
4 42 50 109 126 
4 42 50 109 126 
109 126 
109 126 
109 126 
109 126 
109 126 
42 109 
42 109 
109 126 
109 126 
4 109 
42 109 
42 109 
42 109 
4 109 
42 109 
42 109 
42 109 
42 109 
109 126 
42 109 
42 109 
109 126 
4 42 109 
4 109 
4 109 
109 126 
4 42 50 109 126 
4 109 
4 109 
4 109 
4 109 
50 109 
4 42 109 
50 109 
50 109 
4 42 50 109 
4 109 
4 42 50 109 
42 109 
4 42 50 109 126 
4 42 109 
4 42 50 109 126 
4 42 109 
42 109 
4 109 
42 109 
42 109 
4 42 109 
109 126 
109 126 
42 109 
42 109 
42 109 
42 109 
42 109 
4 109 
109 126 
4 42 50 109 126 
42 109 
4 109 
42 109 
109 126 
4 109 
42 109 
42 109 
4 109 
109 126 
109 126 
109 126 
109 126 
4 109 
42 109 
42 109 
50 109 
109 126 
42 109 
4 109 
42 109 
1 109 
4 109 
109 126 
109 126 
4 42 109 
103 109 126 
109 126 
109 126 
42 109 
4 109 
42 109 
4 42 50 109 126 
109 126 
109 126 
109 126 
42 109 
42 109 
85 109 
50 109 
42 109 
109 126 
109 126 
42 109 
4 42 50 109 126 
99 109 
42 109 
42 109 
4 109 
42 109 
42 109 
42 109 
109 126 
42 109 
42 99 109 
80 109 
42 109 
109 126 
109 126 
42 109 
42 109 
109 126 
4 109 
4 109 
109 126 
109 126 
103 109 
109 126 
4 42 109 
4 42 109 
109 126 
109 126 
42 109 
109 126 
4 42 50 109 126 
42 109 
4 42 109 
109 126 
4 109 
50 109 
4 109 
42 109 
109 126 
109 126 
109 126 
4 42 109 
109 126 
4 42 50 109 
4 42 109 
109 126 
50 109 
4 42 109 
4 109 
42 109 
4 109 
42 109 
109 126 
42 109 
4 109 
42 109 
42 109 
50 109 
42 109 
109 126 
109 126 
4 42 50 109 126 
4 109 
109 126 
109 126 
109 126 
4 109 
42 109 
109 126 
4 109 
4 109 
4 109 
109 126 
4 109 
42 109 
4 109 
4 42 109 
4 109 
4 109 
4 42 109 
42 109 
109 126 
42 109 
4 42 50 109 126 
4 42 50 109 126 
109 126 
103 109 126 
42 109 
109 126 
42 109 
109 126 
42 109 
4 109 
109 126 
42 109 
109 126 
4 109 
4 109 
109 126 
4 42 50 109 126 
4 109 
42 109 
4 109 
4 109 
50 109 
42 109 
109 126 
109 126 
4 109 
42 109 
109 126 
109 126 
42 109 
109 126 
42 109 
42 109 
4 50 109 126 
13 109 
4 109 
50 109 
4 109 
4 50 109 126 
4 109 
109 126 
4 50 109 126 
4 109 
50 109 
4 109 
50 109 
109 131 
109 126 
4 109 
50 109 
50 109 
4 50 109 126 
4 50 109 126 
50 109 
4 109 
50 109 126 
50 109 
4 109 
109 126 
109 126 
50 109 
4 109 
109 126 
4 109 
109 126 
4 109 
4 109 
4 50 109 
109 126 
4 50 109 126 
4 50 109 126 
4 109 
4 109 
109 126 
4 109 
4 50 109 126 
4 109 
4 109 
4 50 109 
4 109 
4 50 109 126 
50 109 
4 109 
4 109 
109 126 
4 50 109 126 
50 109 
109 126 
50 109 
4 109 
4 109 
4 109 
50 109 
50 109 
4 109 
67 70 109 
50 109 
50 109 
50 109 
50 109 
4 109 
50 109 
50 109 
50 109 
50 109 
109 126 
50 109 
4 50 109 126 
109 126 
50 109 
4 109 
4 50 109 126 
109 126 
4 109 
109 126 
109 126 
4 82 109 
109 126 
4 109 
4 109 
109 126 
109 126 
50 109 
109 126 
82 109 
82 109 
50 109 
4 50 82 109 
4 109 
82 109 
68 109 
82 109 
109 126 
4 82 109 
109 126 
82 109 
109 126 
109 126 
68 109 
109 126 
109 126 
82 109 
82 109 
109 126 
82 109 
109 126 
50 109 
82 109 
109 126 
109 126 
109 126 
4 109 
109 126 
4 109 
4 50 109 126 
4 50 109 126 
4 109 
4 50 109 126 
50 109 
50 109 
50 109 
50 109 
50 109 
4 50 82 109 126 
50 109 
50 109 
50 109 
50 109 
82 109 
82 109 
109 126 
82 109 
82 109 
82 109 
82 109 
82 109 
1 109 
82 109 
82 109 
82 109 
82 109 
4 50 82 109 126 
1 109 
68 109 
50 82 109 
82 109 
82 109 
68 109 
50 109 
82 109 
82 109 
4 50 82 109 126 
50 109 
109 126 
50 109 
109 126 
1 109 
82 109 
82 109 
82 109 
82 109 
82 109 
50 109 
109 126 
4 50 82 109 
50 109 126 
82 109 
109 126 
4 50 82 109 126 
4 82 109 
4 109 
4 50 82 109 126 
109 126 
4 50 82 109 126 
50 109 
4 50 82 109 126 
4 109 
82 109 
50 109 126 
4 109 
4 50 82 109 126 
4 109 
82 109 
82 109 
109 126 
82 109 
4 50 82 109 126 
82 109 
103 109 
50 109 
4 50 82 109 126 
82 109 
4 109 
4 50 82 109 126 
4 109 
109 126 
4 82 109 
4 109 
50 109 
50 82 109 
82 109 
4 50 82 109 126 
82 109 
82 109 
82 109 
4 109 
4 50 82 109 126 
82 109 
4 82 109 
50 109 
4 109 
82 109 
50 109 
82 109 
82 109 
82 109 
50 109 
50 109 
109 137 
4 109 
4 50 82 109 126 
82 109 
103 109 
4 109 
4 50 82 109 126 
4 82 109 
4 109 
4 82 109 
4 109 
4 82 109 
109 126 
4 82 109 
82 109 
4 50 82 109 126 
82 109 
82 109 
82 109 
82 109 
82 109 
82 109 
50 109 
109 126 
4 109 
82 109 
88 109 
109 126 
109 137 
4 109 
109 126 
109 126 
4 109 
50 109 
50 109 
4 109 
50 109 
82 109 
50 109 
82 109 
50 109 
4 109 
4 109 
4 50 82 109 126 
109 126 
109 137 
4 109 
82 109 
4 109 
109 137 
82 109 
82 109 
4 50 82 109 126 
4 50 82 109 126 
82 109 
82 109 
82 109 
4 50 82 109 
109 137 
82 109 
82 109 
109 126 
82 109 
4 50 82 109 
4 50 82 109 126 
4 50 82 109 126 
82 109 
103 109 
109 126 
82 109 
4 109 
103 109 
50 109 
4 50 82 109 
82 109 
109 126 
82 109 
50 109 
82 109 
109 137 
109 137 
109 137 
82 109 
4 50 82 109 
4 109 
82 109 
82 109 
109 126 
82 109 
50 109 
82 109 
82 109 
109 126 
4 50 82 109 126 
109 126 
82 109 
82 109 
4 109 137 
82 109 
82 109 
82 109 
4 109 
109 126 
109 126 
42 109 
82 109 
82 109 
4 109 
109 131 
109 131 
4 109 
82 109 
82 109 
50 109 
50 109 
82 109 
109 126 
50 109 
4 109 
109 131 137 
4 109 
4 109 
109 
82 109 
4 82 109 
4 109 
4 109 
4 109 
4 50 82 109 126 
82 109 
82 109 
82 109 
82 109 
109 131 
4 82 109 
109 126 
4 50 82 109 126 
4 82 109 
4 109 
4 109 
82 109 
109 126 
82 109 
50 109 
82 109 
82 109 
109 137 
109 131 137 
109 131 
82 109 
85 109 
109 126 
4 109 
82 109 
4 109 
4 109 
82 109 
82 109 
82 109 
109 126 
4 50 82 109 126 
109 126 
50 109 
109 137 
109 137 
4 50 82 109 126 
4 109 
4 109 
4 109 
109 126 
109 126 
109 126 
109 126 
82 109 
109 126 
42 109 
42 109 
42 109 
109 137 
4 109 
4 42 50 82 109 
42 109 
4 109 
42 109 
42 109 
50 109 
42 109 
42 109 
42 109 
42 109 
4 109 
4 109 
42 109 
109 126 
42 109 
42 109 
42 109 
109 126 
82 109 
109 137 
4 109 
4 109 
4 109 
42 109 
42 109 
42 109 
42 82 109 
42 109 
82 109 
109 131 
4 109 
4 109 
42 109 
42 109 
42 109 
4 109 
4 109 
82 109 
82 109 
42 109 
42 50 82 109 
42 109 
4 109 
42 109 
42 109 
42 109 
42 109 
42 109 
42 50 82 109 
82 109 
4 109 
42 50 82 109 
50 109 
50 109 
50 109 
50 109 
50 109 
50 109 
42 50 82 109 
42 109 
50 109 
82 109 
42 109 
82 109 
82 109 
82 109 
82 109 
82 109 
4 109 
4 109 
50 109 
68 109 
82 109 
82 109 
68 109 
82 109 
82 109 
4 109 
82 109 
4 82 109 
4 82 109 
4 82 109 
82 109 
82 109 
82 109 
4 109 
4 109 
4 109 
4 109 
4 109 
4 109 
4 109 
4 109 
82 109 
4 109 
4 82 109 
4 109 
82 109 
4 109 
4 109 
1 110 
72 110 
72 110 
72 110 
72 110 
51 110 
72 110 
72 110 
20 110 
10 110 
72 110 
10 110 
72 110 
1 110 
7 110 
72 110 
110 112 
72 110 
58 110 
72 110 
110 141 
72 110 
72 110 
38 110 
110 113 
58 110 
72 110 
72 110 
2 110 
110 134 
110 113 
20 58 110 
72 110 
110 113 
72 110 
20 58 110 
51 110 
58 110 
20 110 
110 141 
110 141 
72 110 
72 110 
72 110 
72 110 
2 110 
72 110 
110 111 
72 110 
72 110 
72 110 
56 58 110 134 141 
1 110 
9 110 
10 110 
10 110 
38 110 
72 110 
1 110 
110 
72 110 
0 1 36 51 58 88 110 112 123 
56 110 
0 1 36 51 80 110 112 123 
110 123 
72 110 
110 123 
72 110 
51 110 
72 110 
110 134 
72 110 
51 110 
51 110 
72 110 
58 110 
72 110 
72 110 
72 110 
10 110 
72 110 
72 110 
72 110 
10 110 
13 110 
52 110 113 
52 111 
112 123 
34 112 
110 112 
78 112 
54 112 
112 122 
9 36 112 
112 122 
58 112 
74 112 
0 112 
0 112 
58 112 
112 122 
54 112 
58 112 
61 112 
58 112 
98 112 
112 122 
112 122 
0 61 80 112 
1 112 
112 122 
58 112 
110 112 
23 112 137 
58 112 
112 122 
33 112 
16 112 
58 112 
16 112 
61 112 
112 122 
80 112 
66 112 
66 112 
66 112 
66 112 
61 112 
61 112 
56 112 
56 112 
56 58 112 
56 58 112 
49 112 
49 112 
2 113 121 
10 41 52 56 71 113 134 
41 113 
20 113 
20 113 
20 113 
10 72 113 126 136 
7 10 20 21 47 56 58 71 111 113 134 
7 10 20 21 47 56 58 71 111 113 134 
14 29 40 113 130 141 
62 114 
19 37 62 114 116 125 138 
19 37 62 114 116 125 138 
19 37 62 114 116 125 138 
62 114 
62 114 
19 114 
37 114 
114 116 
0 115 
102 115 
115 
46 115 
46 115 
46 115 
92 115 
46 115 
102 115 
54 115 
54 115 
54 115 
54 115 
54 115 
54 115 
54 115 
54 115 
19 116 
114 116 
37 101 116 
101 116 
62 116 
108 116 
116 138 
116 138 
108 116 
116 125 
114 116 
116 138 
114 116 
116 138 
92 118 
118 130 
92 118 
92 118 
118 136 
118 136 
118 136 
6 120 
56 122 
56 122 
56 122 
56 122 
90 122 
90 122 
90 122 
90 122 
56 122 
46 122 
56 122 
56 122 
98 122 
7 123 
56 123 
56 123 
110 123 
110 123 
20 123 
123 134 
123 134 
112 123 
1 123 
58 123 
73 123 
58 123 
123 134 
123 134 
58 123 
89 123 
110 123 
55 123 
110 123 
110 123 
6 25 55 123 
1 123 
0 123 
55 123 
58 123 
58 123 
79 124 
18 124 
79 124 
79 124 
36 124 
46 124 
36 124 
121 124 
125 
15 28 79 87 104 124 125 
87 125 
125 131 
108 125 
108 125 
108 125 
28 125 
37 125 
37 125 
108 125 
116 125 
37 125 
116 125 
116 125 
108 125 
87 125 
3 15 79 87 104 124 125 
3 15 79 87 104 124 125 
3 15 79 87 104 124 125 
37 125 
37 125 
37 125 
108 125 
125 138 
125 138 
37 125 
37 125 
3 15 79 87 104 124 125 
3 125 
3 15 79 87 104 124 125 
108 125 
108 125 
108 125 
79 125 
3 15 79 87 104 124 125 
79 125 
108 125 
108 125 
108 125 
108 125 
3 15 79 87 104 124 125 
3 15 79 87 104 124 125 
104 125 
108 125 
3 15 79 87 104 124 125 
15 104 125 
15 125 
3 15 79 87 104 124 125 
104 125 
104 125 
3 15 79 87 104 124 125 
108 125 
3 15 79 87 104 124 125 
15 104 125 
15 104 125 
3 125 
114 125 
101 125 
108 125 
108 125 
108 125 
30 125 
108 125 
108 125 
108 125 
108 125 
125 135 
125 135 
125 138 
121 125 
121 125 
121 125 
37 125 
3 15 79 101 104 124 125 
121 125 
50 126 
13 126 
42 126 
103 126 
50 126 
50 126 
42 126 
50 126 
50 126 
42 50 109 126 
50 126 
50 126 
50 126 
103 126 
13 22 38 42 49 50 81 85 99 103 109 126 
109 126 
109 126 
99 126 
42 50 109 126 
109 126 
109 126 
109 126 
109 126 
109 126 
109 126 
109 126 
50 126 
109 126 
109 126 
109 126 
50 126 
50 126 
49 126 
50 126 
50 126 
99 126 
50 126 
99 109 126 
109 126 
42 126 
50 126 
109 126 
38 126 
50 126 
109 126 
50 126 
56 126 
99 126 
42 50 109 126 
4 42 50 109 126 
109 126 
56 126 
56 126 
56 126 
56 126 
56 126 
4 126 
42 50 109 126 
42 126 
42 126 
109 126 
56 126 
56 126 
109 126 
109 126 
109 126 
22 99 126 
56 126 
22 99 126 
50 126 
56 126 
56 126 
50 126 
50 126 
22 99 126 
109 126 
109 126 
50 126 
50 126 
50 126 
22 99 126 
56 126 
126 
56 126 
56 126 
22 126 
50 126 
50 126 
56 126 
42 126 
50 126 
4 22 42 49 50 85 99 109 126 
99 126 
50 126 
4 42 50 109 126 
50 126 
50 126 
109 126 
22 126 
56 126 
50 126 
99 126 
56 126 
50 126 
50 126 
50 126 
4 42 50 109 126 
109 126 
109 126 
50 126 
109 126 
109 126 
22 126 
50 126 
50 126 
4 13 22 38 42 49 50 81 85 99 103 109 126 
126 
126 
126 
126 
126 
56 126 
109 126 
56 126 
50 126 
50 126 
109 126 
4 42 50 109 126 
50 126 
50 126 
109 126 
56 126 
109 126 
50 126 
22 126 
38 126 
50 126 
56 126 
56 126 
4 42 126 
50 126 
50 126 
50 126 
109 126 
50 126 
22 99 126 
22 99 126 
22 126 
50 126 
50 126 
56 126 
38 126 
126 
50 126 
50 126 
56 126 
56 126 
38 126 
56 126 
56 126 
109 126 
56 126 
56 126 
56 126 
103 126 
50 126 
56 126 
56 126 
22 126 
22 126 
22 126 
56 126 
103 126 
109 126 
56 126 
109 126 
109 126 
50 126 
56 126 
2 126 
50 126 
38 126 
126 
109 126 
56 126 
50 126 
38 126 
4 50 109 126 
50 126 
56 126 
126 
56 126 
56 126 
126 
56 126 
109 126 
50 126 
109 126 
126 141 
109 126 
126 141 
109 126 
109 126 
50 126 
56 126 
109 126 
50 126 
38 126 
4 126 
109 126 
50 126 
50 126 
50 126 
50 126 
126 
56 126 
103 126 
50 126 
4 50 126 
4 50 126 
126 141 
38 126 
13 126 
56 126 
126 141 
126 141 
38 126 
50 126 
56 126 
56 126 
109 126 
50 126 
50 126 
50 126 
109 126 
103 126 
109 126 
38 126 
109 126 
109 126 
38 126 
109 126 
109 126 
109 126 
109 126 
109 126 
56 126 
109 126 
2 126 
50 126 
50 126 
109 126 
109 126 
109 126 
109 126 
126 
126 
126 
126 
109 126 
50 126 
4 50 82 126 
109 126 
22 126 
56 126 141 
126 
56 126 
50 126 
109 126 
109 126 
109 126 
4 126 
50 126 
99 109 126 
126 
50 126 
56 126 141 
50 126 
50 126 
50 126 
109 126 
50 126 
4 50 82 126 
56 126 
50 126 
109 126 
50 126 
50 126 
38 126 
50 126 
50 126 
126 
50 126 
109 126 
99 126 
109 126 
103 126 
4 50 82 109 126 
56 126 
126 141 
109 126 
50 126 
50 126 
103 126 
50 82 109 126 
22 68 126 
49 126 
68 126 
50 126 
50 126 
126 141 
109 126 
99 126 
49 126 
126 141 
53 126 
4 50 82 109 126 
103 126 
50 126 
50 126 
50 126 
109 126 
82 126 
1 90 126 
38 126 
126 
82 126 
13 103 126 
126 141 
4 50 82 109 126 
50 126 
56 126 
50 126 
50 126 
56 126 
42 126 
56 126 
56 126 
99 126 
109 126 
103 126 
38 126 
50 126 
126 141 
109 126 
82 126 
50 126 
126 141 
126 141 
4 50 82 109 126 
126 
50 126 
82 126 
109 126 
109 126 
109 126 
126 141 
126 141 
126 141 
38 126 
126 
4 126 
109 126 
38 126 
126 141 
126 141 
4 50 82 109 126 
50 126 
99 126 
109 126 
4 50 82 109 126 
99 126 
4 50 82 109 126 
126 
126 
50 126 
50 126 
50 126 
50 126 
50 126 
50 126 
50 126 
50 126 
50 126 
56 126 
50 126 
50 126 
126 
4 42 50 82 109 126 
57 127 
57 127 
0 57 60 127 
117 127 
0 57 127 
36 57 127 
0 36 57 127 
0 36 57 127 
0 36 127 
57 127 
94 127 
93 127 
0 127 130 
102 127 
94 127 
36 57 127 
36 127 
36 57 127 
0 127 
128 
11 97 120 128 
32 129 
32 129 
32 129 
32 129 
32 129 
32 129 
32 129 
32 129 
32 129 
32 129 
130 136 
130 136 
66 130 131 136 
81 130 
81 130 
66 130 131 136 
81 130 
81 130 
81 130 
81 130 
81 130 
81 130 
58 130 
130 136 
34 130 
130 136 
130 131 
130 136 
81 130 
81 130 
118 130 
58 130 
66 130 
66 130 131 136 
66 130 
130 136 
17 130 
36 130 
130 136 
58 130 
58 130 
17 130 
130 136 
36 130 
130 136 
130 136 
58 130 
130 136 
130 136 
36 130 
8 130 
130 136 
56 130 
56 130 
130 136 
56 130 
36 130 
130 136 
56 130 
56 130 
130 136 
130 136 
56 130 
58 130 
58 130 
25 130 
130 136 
17 130 
58 130 
36 130 
36 130 136 
130 136 
36 130 
56 130 
130 136 
17 130 
17 130 
17 130 
130 136 
56 130 
130 136 
20 130 
17 130 
130 136 
46 74 130 
130 136 
130 136 
130 136 
130 136 
17 130 
130 136 
17 130 
17 130 
36 130 
17 130 
36 130 
130 136 
130 136 
130 136 
130 136 
17 130 
17 130 
17 130 
8 130 
36 130 
17 130 
58 130 
130 136 
130 136 
130 136 
36 130 
130 136 
36 130 
57 130 
130 136 
130 136 
130 131 
131 137 
49 131 
49 131 
36 131 
49 131 
49 131 
49 131 
85 131 
85 131 
85 131 
49 131 
85 131 
130 131 
131 137 
131 137 
130 131 
131 137 
130 131 
49 131 
1 131 
49 131 
1 131 
106 131 
82 131 
130 131 
85 131 
49 131 
109 131 
131 137 
49 131 
109 131 
131 137 
131 137 
131 137 
106 131 
1 131 
106 131 
106 131 
66 131 
131 137 
1 131 
1 131 
131 137 
131 137 
66 131 
49 85 131 
131 137 
49 131 
66 131 
49 131 
109 131 
109 131 
109 131 
66 131 
66 131 
40 132 
40 132 
40 132 
63 132 
24 132 
40 132 
24 132 
63 132 
40 132 
14 132 
14 132 
24 132 
63 132 
31 41 132 
63 132 
40 132 
40 132 
24 40 63 132 
24 132 
63 132 
24 132 
24 40 63 132 
24 63 132 
24 132 
40 132 
40 132 
24 132 
24 132 
24 132 
63 132 
63 132 
63 132 
24 132 
24 132 
29 132 
48 132 
24 132 
40 132 
40 132 
14 24 132 
14 132 
24 40 63 64 132 
40 132 
40 132 
40 132 
40 132 
63 132 
63 132 
24 132 
40 132 
40 132 
40 132 
40 132 
63 132 
40 132 
24 132 
63 132 
63 132 
40 132 
24 132 
105 132 
24 132 
40 132 
24 132 
24 132 
63 132 
24 132 
63 132 
63 132 
40 132 
40 132 
63 132 140 
63 132 140 
40 132 
63 132 
72 132 140 
132 140 
40 132 
24 132 
29 40 132 
63 132 140 
31 40 64 132 
29 40 41 64 71 132 
24 132 
40 63 132 140 
40 132 
24 132 
24 40 63 132 140 
40 132 
63 132 140 
24 132 
63 132 
63 132 
24 132 
40 64 132 
24 132 
132 140 
24 132 
24 132 
63 132 140 
24 132 
40 132 
40 132 
24 132 
40 132 
132 140 
24 132 
48 132 
132 140 
40 132 
24 132 
48 132 
48 132 
63 132 140 
63 132 140 
24 132 
132 140 
40 132 
29 132 
132 140 
48 132 
63 132 140 
40 132 
63 132 140 
63 132 140 
63 132 
40 132 
63 132 
63 132 140 
31 132 
132 140 
63 132 140 
63 132 140 
24 132 
64 132 
31 132 
48 132 
40 132 
40 132 
63 132 140 
48 132 
63 132 140 
40 132 
24 40 63 132 140 
40 132 
40 132 
31 132 
24 132 
40 132 
63 132 140 
63 132 140 
24 132 
40 63 132 140 
40 132 
24 132 
63 132 
132 140 
63 132 
24 132 
40 132 
48 132 
132 140 
24 63 132 140 
40 132 
40 132 
63 132 140 
40 132 
40 132 
63 132 
40 132 
24 132 
24 40 64 91 132 
40 132 
63 132 140 
40 132 
40 64 132 
31 132 
24 132 
24 63 132 140 
24 132 
71 132 
91 132 
24 132 
63 91 132 140 
40 71 132 
132 140 
40 132 
40 132 
40 132 
40 132 
40 132 
132 140 
132 140 
132 140 
71 132 
63 132 
40 132 
40 132 
40 132 
40 132 140 
63 91 132 
63 132 140 
132 140 
31 91 132 
31 132 
40 41 47 71 132 
63 132 140 
40 132 
40 132 
40 41 71 132 
132 140 
40 132 
40 132 
40 132 
40 132 
40 132 
40 132 
91 132 
40 132 
40 132 
40 132 
24 40 63 132 140 
91 132 
63 132 140 
31 64 91 132 
31 132 
40 132 
40 132 
40 64 132 
40 132 
63 132 140 
40 132 
40 132 
40 132 
91 132 
63 132 140 
40 132 
63 132 140 
40 132 
64 132 
91 132 
63 132 
40 132 
63 132 140 
132 140 
91 132 
132 140 
24 40 63 132 140 
63 132 140 
63 132 140 
63 132 
105 132 
63 132 140 
40 132 
40 132 
63 132 140 
132 140 
40 132 
63 132 
40 132 
63 132 140 
91 132 
24 132 
40 132 
91 132 
24 132 
132 140 
132 140 
40 132 
40 132 
132 140 
63 132 140 
40 132 
40 132 
24 132 
63 132 140 
24 40 63 132 140 
63 132 140 
40 132 
40 132 
24 132 
40 132 
40 132 
24 40 63 132 140 
40 132 
63 132 140 
40 132 
40 132 
40 132 
14 132 
14 132 
63 132 
63 132 
63 132 
63 132 
63 132 
63 132 
14 132 
51 133 
133 135 
133 
133 
133 135 
35 133 
35 133 
115 133 
131 133 
133 
103 134 
123 134 
112 134 
56 134 
134 141 
58 80 134 
10 134 
58 134 
56 134 141 
58 134 
1 134 
58 134 
56 134 
1 134 
51 134 
1 134 
134 141 
20 134 
110 134 
56 134 
10 134 
58 134 
110 134 
58 134 
58 134 
58 134 
110 134 
20 134 
20 134 
58 134 
20 134 
10 134 
58 134 
113 134 
7 134 
56 58 72 134 
20 134 
72 134 
59 134 
58 134 
56 134 
58 134 
134 141 
58 134 
72 134 
72 134 
20 134 
58 134 
23 134 
106 134 
130 136 
81 136 
130 136 
118 130 136 
81 130 136 
130 136 
81 136 
118 136 
130 136 
81 136 
81 136 
81 136 
81 136 
130 136 
118 136 
118 136 
130 136 
81 136 
130 136 
130 136 
130 136 
130 136 
130 136 
130 136 
130 136 
92 136 
130 136 
130 136 
130 136 
130 136 
130 136 
118 130 136 
130 136 
130 136 
130 136 
130 136 
130 136 
118 136 
130 136 
130 136 
130 136 
130 136 
130 136 
130 136 
130 136 
118 136 
130 136 
130 136 
130 136 
54 136 
54 136 
130 136 
130 136 
81 92 130 136 
130 136 
130 136 
118 136 
118 130 136 
118 136 
118 136 
130 136 
137 
137 
137 
137 
137 
137 
137 
137 
137 
137 
137 
137 
137 
137 
137 
76 138 
121 138 
19 37 62 76 114 116 125 138 
76 138 
19 37 62 76 114 116 125 138 
19 37 62 76 114 116 125 138 
19 37 62 76 114 116 125 138 
62 138 
138 
138 
30 138 
125 138 
19 37 62 76 114 116 125 138 
125 138 
125 138 
19 37 62 76 114 116 125 138 
76 138 
19 37 62 76 114 116 125 138 
62 138 
19 37 62 76 114 116 125 138 
125 138 
125 138 
125 138 
125 138 
125 138 
19 37 62 76 114 116 125 138 
125 138 
19 37 62 76 114 116 125 138 
19 37 62 76 114 116 125 138 
138 
19 37 62 76 114 116 125 138 
108 138 
125 138 
19 37 62 76 114 116 125 138 
15 79 101 104 124 138 
114 138 
138 
19 37 62 76 114 116 125 138 
19 37 62 76 114 116 125 138 
19 37 62 114 116 125 138 
138 
108 138 
121 138 
19 37 62 114 116 125 138 
125 138 
125 138 
37 138 
121 138 
125 138 
19 37 62 114 116 125 138 
19 37 62 114 116 125 138 
19 37 62 114 116 125 138 
19 37 62 114 116 125 138 
125 138 
19 37 62 114 116 125 138 
19 37 62 114 116 125 138 
19 37 62 114 116 125 138 
125 138 
19 37 62 114 116 125 138 
114 138 
114 138 
125 138 
19 37 62 114 116 125 138 
19 37 62 114 116 125 138 
19 37 62 114 116 125 138 
125 138 
125 138 
19 37 62 114 116 125 138 
19 37 62 114 116 125 138 
125 138 
121 138 
104 138 
138 
125 138 
125 138 
125 138 
125 138 
108 138 
108 138 
116 138 
125 138 
19 37 62 114 116 125 138 
125 138 
19 37 62 114 116 125 138 
125 138 
19 37 62 114 116 125 138 
19 37 62 114 116 125 138 
19 37 62 114 116 125 138 
19 37 62 114 116 125 138 
125 138 
19 37 62 114 116 125 138 
125 138 
125 138 
19 37 62 114 116 125 138 
125 138 
108 138 
108 138 
138 
19 37 62 114 116 125 138 
19 37 62 114 116 125 138 
19 37 62 114 116 125 138 
125 138 
125 138 
19 37 62 114 116 125 138 
116 138 
19 37 62 114 116 125 138 
19 37 62 114 116 125 138 
19 37 62 114 116 125 138 
125 138 
125 138 
19 37 62 114 116 125 138 
125 138 
19 37 62 114 116 125 138 
19 37 62 114 116 125 138 
121 138 
108 138 
121 138 
62 138 
125 138 
30 138 
125 138 
116 138 
125 138 
125 138 
19 37 62 114 116 125 138 
125 138 
19 37 62 114 116 125 138 
19 37 62 114 116 125 138 
19 37 62 114 116 125 138 
125 138 
125 138 
138 
19 37 62 114 116 125 138 
19 37 62 114 116 125 138 
125 138 
19 37 62 114 116 125 138 
19 138 
125 138 
125 138 
125 138 
125 138 
19 37 62 114 116 125 138 
125 138 
19 37 62 114 116 125 138 
62 138 
125 138 
19 37 62 114 116 125 138 
19 37 62 114 116 125 138 
138 
19 37 62 114 116 125 138 
19 37 62 114 116 125 138 
19 37 62 114 116 125 138 
125 138 
19 37 62 114 116 125 138 
19 37 62 114 116 125 138 
19 37 62 114 116 125 138 
19 37 62 114 116 125 138 
19 37 62 114 116 125 138 
19 37 62 114 116 125 138 
125 138 
125 138 
125 138 
125 138 
125 138 
19 37 62 114 116 125 138 
116 138 
125 138 
125 138 
37 138 
125 138 
138 
138 
138 
125 138 
19 37 62 114 116 125 138 
138 
19 37 62 114 116 125 138 
19 37 62 114 116 125 138 
138 
19 37 62 114 116 125 138 
125 138 
19 37 62 114 116 125 138 
125 138 
138 
138 
138 
108 138 
15 138 
19 37 62 114 116 125 138 
125 138 
19 37 62 114 116 125 138 
19 37 62 114 116 125 138 
125 138 
19 37 62 114 116 125 138 
19 37 62 114 116 125 138 
19 37 62 114 116 125 138 
19 37 62 114 116 125 138 
19 37 62 114 116 125 138 
19 37 62 114 116 125 138 
138 
138 
125 138 
125 138 
125 138 
19 37 62 114 116 125 138 
19 37 62 114 116 125 138 
125 138 
138 
125 138 
138 
19 37 62 114 116 125 138 
19 37 62 114 116 125 138 
125 138 
125 138 
125 138 
108 138 
108 138 
125 138 
37 116 138 
19 37 62 114 116 125 138 
19 37 62 114 116 125 138 
125 138 
104 138 
125 138 
114 138 
138 
138 
138 
125 138 
37 138 
125 138 
19 37 62 114 116 125 138 
125 138 
19 37 62 114 116 125 138 
19 37 62 114 116 125 138 
19 37 62 77 114 116 125 138 
125 138 
125 138 
125 138 
125 138 
125 138 
125 138 
125 138 
125 138 
125 138 
138 
138 
138 
108 138 
15 138 
114 138 
19 37 76 77 114 116 125 138 
19 37 76 77 114 116 125 138 
19 37 77 114 116 138 
19 138 
114 138 
19 138 
19 37 77 114 116 138 
19 37 77 114 116 138 
116 138 
19 37 77 114 116 138 
121 138 
77 138 
138 
19 37 77 101 114 116 138 
26 36 60 139 
26 139 
26 139 
60 139 
60 139 
140 
140 
40 140 
24 140 
40 63 132 140 
24 132 140 
40 140 
132 140 
91 140 
24 140 
58 141 
58 141 
56 134 141 
56 141 
56 141 
70 141 
2 141 
70 141 
134 141 
134 141 
75 141 
1 141 
75 141 
75 141 
56 141 
75 141 
75 141 
56 141 
56 141 
75 141 
35 141 
1 141 
75 141 
75 141 
56 141 
75 141 
75 141 
70 141 
75 141 
1 141 
1 141 
75 141 
75 141 
75 141 
70 141 
70 141 
106 141 
134 141 
106 141 
75 141 
35 141 
106 141 
1 141 
70 141 
56 58 134 141 
58 141 
75 141 
93 142 
58 142 
58 142 
74 142 
74 142 
93 142 
58 142 
58 142 
58 142 
93 142 
93 142 
93 142 
93 142 
36 142 
93 142 
93 142 
25 142 
93 142 
58 142 
93 142 
58 142 
58 142 
93 142 
93 142 
58 142 
56 142 
93 142 
25 93 142 
25 142 
134 142 
93 142 
25 142 
25 93 142 

